Node,Energy_Type,Period,Type,Value
BosniaH,Liginiteexisting,1,Generation,0.0
BosniaH,Liginiteexisting,2,Generation,0.0
BosniaH,Liginiteexisting,3,Generation,0.0
BosniaH,Liginiteexisting,4,Generation,0.0
BosniaH,Liginiteexisting,5,Generation,0.0
BosniaH,Liginiteexisting,6,Generation,0.0
BosniaH,Liginiteexisting,7,Generation,0.0
BosniaH,Liginiteexisting,8,Generation,0.0
Bulgaria,Liginiteexisting,1,Generation,0.0
Bulgaria,Liginiteexisting,2,Generation,0.0
Bulgaria,Liginiteexisting,3,Generation,0.0
Bulgaria,Liginiteexisting,4,Generation,0.0
Bulgaria,Liginiteexisting,5,Generation,0.0
Bulgaria,Liginiteexisting,6,Generation,0.0
Bulgaria,Liginiteexisting,7,Generation,0.0
Bulgaria,Liginiteexisting,8,Generation,0.0
CzechR,Liginiteexisting,1,Generation,0.0
CzechR,Liginiteexisting,2,Generation,0.0
CzechR,Liginiteexisting,3,Generation,0.0
CzechR,Liginiteexisting,4,Generation,0.0
CzechR,Liginiteexisting,5,Generation,0.0
CzechR,Liginiteexisting,6,Generation,0.0
CzechR,Liginiteexisting,7,Generation,0.0
CzechR,Liginiteexisting,8,Generation,0.0
Germany,Liginiteexisting,1,Generation,0.0
Germany,Liginiteexisting,2,Generation,0.0
Germany,Liginiteexisting,3,Generation,0.0
Germany,Liginiteexisting,4,Generation,0.0
Germany,Liginiteexisting,5,Generation,0.0
Germany,Liginiteexisting,6,Generation,0.0
Germany,Liginiteexisting,7,Generation,0.0
Germany,Liginiteexisting,8,Generation,0.0
Estonia,Liginiteexisting,1,Generation,0.0
Estonia,Liginiteexisting,2,Generation,0.0
Estonia,Liginiteexisting,3,Generation,0.0
Estonia,Liginiteexisting,4,Generation,0.0
Estonia,Liginiteexisting,5,Generation,0.0
Estonia,Liginiteexisting,6,Generation,0.0
Estonia,Liginiteexisting,7,Generation,0.0
Estonia,Liginiteexisting,8,Generation,0.0
Greece,Liginiteexisting,1,Generation,0.0
Greece,Liginiteexisting,2,Generation,0.0
Greece,Liginiteexisting,3,Generation,0.0
Greece,Liginiteexisting,4,Generation,0.0
Greece,Liginiteexisting,5,Generation,0.0
Greece,Liginiteexisting,6,Generation,0.0
Greece,Liginiteexisting,7,Generation,0.0
Greece,Liginiteexisting,8,Generation,0.0
Hungary,Liginiteexisting,1,Generation,0.0
Hungary,Liginiteexisting,2,Generation,0.0
Hungary,Liginiteexisting,3,Generation,0.0
Hungary,Liginiteexisting,4,Generation,0.0
Hungary,Liginiteexisting,5,Generation,0.0
Hungary,Liginiteexisting,6,Generation,0.0
Hungary,Liginiteexisting,7,Generation,0.0
Hungary,Liginiteexisting,8,Generation,0.0
Ireland,Liginiteexisting,1,Generation,0.0
Ireland,Liginiteexisting,2,Generation,0.0
Ireland,Liginiteexisting,3,Generation,0.0
Ireland,Liginiteexisting,4,Generation,0.0
Ireland,Liginiteexisting,5,Generation,0.0
Ireland,Liginiteexisting,6,Generation,0.0
Ireland,Liginiteexisting,7,Generation,0.0
Ireland,Liginiteexisting,8,Generation,0.0
BosniaH,Lignite,1,Generation,0.0
BosniaH,Lignite,2,Generation,0.0
BosniaH,Lignite,3,Generation,0.0
BosniaH,Lignite,4,Generation,0.0
BosniaH,Lignite,5,Generation,0.0
BosniaH,Lignite,6,Generation,0.0
BosniaH,Lignite,7,Generation,0.0
BosniaH,Lignite,8,Generation,0.0
Bulgaria,Lignite,1,Generation,0.0
Bulgaria,Lignite,2,Generation,0.0
Bulgaria,Lignite,3,Generation,0.0
Bulgaria,Lignite,4,Generation,0.0
Bulgaria,Lignite,5,Generation,0.0
Bulgaria,Lignite,6,Generation,0.0
Bulgaria,Lignite,7,Generation,0.0
Bulgaria,Lignite,8,Generation,0.0
CzechR,Lignite,1,Generation,0.0
CzechR,Lignite,2,Generation,0.0
CzechR,Lignite,3,Generation,0.0
CzechR,Lignite,4,Generation,0.0
CzechR,Lignite,5,Generation,0.0
CzechR,Lignite,6,Generation,0.0
CzechR,Lignite,7,Generation,0.0
CzechR,Lignite,8,Generation,0.0
Germany,Lignite,1,Generation,0.0
Germany,Lignite,2,Generation,0.0
Germany,Lignite,3,Generation,0.0
Germany,Lignite,4,Generation,0.0
Germany,Lignite,5,Generation,0.0
Germany,Lignite,6,Generation,0.0
Germany,Lignite,7,Generation,0.0
Germany,Lignite,8,Generation,0.0
Estonia,Lignite,1,Generation,0.0
Estonia,Lignite,2,Generation,0.0
Estonia,Lignite,3,Generation,0.0
Estonia,Lignite,4,Generation,0.0
Estonia,Lignite,5,Generation,0.0
Estonia,Lignite,6,Generation,0.0
Estonia,Lignite,7,Generation,0.0
Estonia,Lignite,8,Generation,0.0
Greece,Lignite,1,Generation,0.0
Greece,Lignite,2,Generation,0.0
Greece,Lignite,3,Generation,0.0
Greece,Lignite,4,Generation,0.0
Greece,Lignite,5,Generation,0.0
Greece,Lignite,6,Generation,0.0
Greece,Lignite,7,Generation,0.0
Greece,Lignite,8,Generation,0.0
Hungary,Lignite,1,Generation,0.0
Hungary,Lignite,2,Generation,0.0
Hungary,Lignite,3,Generation,0.0
Hungary,Lignite,4,Generation,0.0
Hungary,Lignite,5,Generation,0.0
Hungary,Lignite,6,Generation,0.0
Hungary,Lignite,7,Generation,0.0
Hungary,Lignite,8,Generation,0.0
Ireland,Lignite,1,Generation,0.0
Ireland,Lignite,2,Generation,0.0
Ireland,Lignite,3,Generation,0.0
Ireland,Lignite,4,Generation,0.0
Ireland,Lignite,5,Generation,0.0
Ireland,Lignite,6,Generation,0.0
Ireland,Lignite,7,Generation,0.0
Ireland,Lignite,8,Generation,0.0
BosniaH,LigniteCCSadv,1,Generation,0.0
BosniaH,LigniteCCSadv,2,Generation,0.0
BosniaH,LigniteCCSadv,3,Generation,0.0
BosniaH,LigniteCCSadv,4,Generation,0.0
BosniaH,LigniteCCSadv,5,Generation,0.0
BosniaH,LigniteCCSadv,6,Generation,0.0
BosniaH,LigniteCCSadv,7,Generation,0.0
BosniaH,LigniteCCSadv,8,Generation,0.0
Bulgaria,LigniteCCSadv,1,Generation,0.0
Bulgaria,LigniteCCSadv,2,Generation,0.0
Bulgaria,LigniteCCSadv,3,Generation,0.0
Bulgaria,LigniteCCSadv,4,Generation,0.0
Bulgaria,LigniteCCSadv,5,Generation,0.0
Bulgaria,LigniteCCSadv,6,Generation,0.0
Bulgaria,LigniteCCSadv,7,Generation,0.0
Bulgaria,LigniteCCSadv,8,Generation,0.0
CzechR,LigniteCCSadv,1,Generation,0.0
CzechR,LigniteCCSadv,2,Generation,0.0
CzechR,LigniteCCSadv,3,Generation,0.0
CzechR,LigniteCCSadv,4,Generation,0.0
CzechR,LigniteCCSadv,5,Generation,0.0
CzechR,LigniteCCSadv,6,Generation,0.0
CzechR,LigniteCCSadv,7,Generation,0.0
CzechR,LigniteCCSadv,8,Generation,0.0
Germany,LigniteCCSadv,1,Generation,0.0
Germany,LigniteCCSadv,2,Generation,0.0
Germany,LigniteCCSadv,3,Generation,0.0
Germany,LigniteCCSadv,4,Generation,0.0
Germany,LigniteCCSadv,5,Generation,0.0
Germany,LigniteCCSadv,6,Generation,0.0
Germany,LigniteCCSadv,7,Generation,0.0
Germany,LigniteCCSadv,8,Generation,0.0
Estonia,LigniteCCSadv,1,Generation,0.0
Estonia,LigniteCCSadv,2,Generation,0.0
Estonia,LigniteCCSadv,3,Generation,0.0
Estonia,LigniteCCSadv,4,Generation,0.0
Estonia,LigniteCCSadv,5,Generation,0.0
Estonia,LigniteCCSadv,6,Generation,0.0
Estonia,LigniteCCSadv,7,Generation,0.0
Estonia,LigniteCCSadv,8,Generation,0.0
Greece,LigniteCCSadv,1,Generation,0.0
Greece,LigniteCCSadv,2,Generation,0.0
Greece,LigniteCCSadv,3,Generation,0.0
Greece,LigniteCCSadv,4,Generation,0.0
Greece,LigniteCCSadv,5,Generation,0.0
Greece,LigniteCCSadv,6,Generation,0.0
Greece,LigniteCCSadv,7,Generation,0.0
Greece,LigniteCCSadv,8,Generation,0.0
Hungary,LigniteCCSadv,1,Generation,0.0
Hungary,LigniteCCSadv,2,Generation,0.0
Hungary,LigniteCCSadv,3,Generation,0.0
Hungary,LigniteCCSadv,4,Generation,0.0
Hungary,LigniteCCSadv,5,Generation,0.0
Hungary,LigniteCCSadv,6,Generation,0.0
Hungary,LigniteCCSadv,7,Generation,0.0
Hungary,LigniteCCSadv,8,Generation,0.0
Ireland,LigniteCCSadv,1,Generation,0.0
Ireland,LigniteCCSadv,2,Generation,0.0
Ireland,LigniteCCSadv,3,Generation,0.0
Ireland,LigniteCCSadv,4,Generation,0.0
Ireland,LigniteCCSadv,5,Generation,0.0
Ireland,LigniteCCSadv,6,Generation,0.0
Ireland,LigniteCCSadv,7,Generation,0.0
Ireland,LigniteCCSadv,8,Generation,0.0
Austria,Coalexisting,1,Generation,0.0
Austria,Coalexisting,2,Generation,0.0
Austria,Coalexisting,3,Generation,0.0
Austria,Coalexisting,4,Generation,0.0
Austria,Coalexisting,5,Generation,0.0
Austria,Coalexisting,6,Generation,0.0
Austria,Coalexisting,7,Generation,0.0
Austria,Coalexisting,8,Generation,0.0
BosniaH,Coalexisting,1,Generation,0.0
BosniaH,Coalexisting,2,Generation,0.0
BosniaH,Coalexisting,3,Generation,0.0
BosniaH,Coalexisting,4,Generation,0.0
BosniaH,Coalexisting,5,Generation,0.0
BosniaH,Coalexisting,6,Generation,0.0
BosniaH,Coalexisting,7,Generation,0.0
BosniaH,Coalexisting,8,Generation,0.0
Bulgaria,Coalexisting,1,Generation,0.0
Bulgaria,Coalexisting,2,Generation,0.0
Bulgaria,Coalexisting,3,Generation,0.0
Bulgaria,Coalexisting,4,Generation,0.0
Bulgaria,Coalexisting,5,Generation,0.0
Bulgaria,Coalexisting,6,Generation,0.0
Bulgaria,Coalexisting,7,Generation,0.0
Bulgaria,Coalexisting,8,Generation,0.0
CzechR,Coalexisting,1,Generation,0.0
CzechR,Coalexisting,2,Generation,0.0
CzechR,Coalexisting,3,Generation,0.0
CzechR,Coalexisting,4,Generation,0.0
CzechR,Coalexisting,5,Generation,0.0
CzechR,Coalexisting,6,Generation,0.0
CzechR,Coalexisting,7,Generation,0.0
CzechR,Coalexisting,8,Generation,0.0
Germany,Coalexisting,1,Generation,0.0
Germany,Coalexisting,2,Generation,0.0
Germany,Coalexisting,3,Generation,0.0
Germany,Coalexisting,4,Generation,0.0
Germany,Coalexisting,5,Generation,0.0
Germany,Coalexisting,6,Generation,0.0
Germany,Coalexisting,7,Generation,0.0
Germany,Coalexisting,8,Generation,0.0
Denmark,Coalexisting,1,Generation,0.0
Denmark,Coalexisting,2,Generation,0.0
Denmark,Coalexisting,3,Generation,0.0
Denmark,Coalexisting,4,Generation,0.0
Denmark,Coalexisting,5,Generation,0.0
Denmark,Coalexisting,6,Generation,0.0
Denmark,Coalexisting,7,Generation,0.0
Denmark,Coalexisting,8,Generation,0.0
Spain,Coalexisting,1,Generation,0.0
Spain,Coalexisting,2,Generation,0.0
Spain,Coalexisting,3,Generation,0.0
Spain,Coalexisting,4,Generation,0.0
Spain,Coalexisting,5,Generation,0.0
Spain,Coalexisting,6,Generation,0.0
Spain,Coalexisting,7,Generation,0.0
Spain,Coalexisting,8,Generation,0.0
Finland,Coalexisting,1,Generation,0.0
Finland,Coalexisting,2,Generation,0.0
Finland,Coalexisting,3,Generation,0.0
Finland,Coalexisting,4,Generation,0.0
Finland,Coalexisting,5,Generation,0.0
Finland,Coalexisting,6,Generation,0.0
Finland,Coalexisting,7,Generation,0.0
Finland,Coalexisting,8,Generation,0.0
France,Coalexisting,1,Generation,0.0
France,Coalexisting,2,Generation,0.0
France,Coalexisting,3,Generation,0.0
France,Coalexisting,4,Generation,0.0
France,Coalexisting,5,Generation,0.0
France,Coalexisting,6,Generation,0.0
France,Coalexisting,7,Generation,0.0
France,Coalexisting,8,Generation,0.0
GreatBrit.,Coalexisting,1,Generation,0.0
GreatBrit.,Coalexisting,2,Generation,0.0
GreatBrit.,Coalexisting,3,Generation,0.0
GreatBrit.,Coalexisting,4,Generation,0.0
GreatBrit.,Coalexisting,5,Generation,0.0
GreatBrit.,Coalexisting,6,Generation,0.0
GreatBrit.,Coalexisting,7,Generation,0.0
GreatBrit.,Coalexisting,8,Generation,0.0
Croatia,Coalexisting,1,Generation,0.0
Croatia,Coalexisting,2,Generation,0.0
Croatia,Coalexisting,3,Generation,0.0
Croatia,Coalexisting,4,Generation,0.0
Croatia,Coalexisting,5,Generation,0.0
Croatia,Coalexisting,6,Generation,0.0
Croatia,Coalexisting,7,Generation,0.0
Croatia,Coalexisting,8,Generation,0.0
Hungary,Coalexisting,1,Generation,0.0
Hungary,Coalexisting,2,Generation,0.0
Hungary,Coalexisting,3,Generation,0.0
Hungary,Coalexisting,4,Generation,0.0
Hungary,Coalexisting,5,Generation,0.0
Hungary,Coalexisting,6,Generation,0.0
Hungary,Coalexisting,7,Generation,0.0
Hungary,Coalexisting,8,Generation,0.0
Ireland,Coalexisting,1,Generation,0.0
Ireland,Coalexisting,2,Generation,0.0
Ireland,Coalexisting,3,Generation,0.0
Ireland,Coalexisting,4,Generation,0.0
Ireland,Coalexisting,5,Generation,0.0
Ireland,Coalexisting,6,Generation,0.0
Ireland,Coalexisting,7,Generation,0.0
Ireland,Coalexisting,8,Generation,0.0
Italy,Coalexisting,1,Generation,0.0
Italy,Coalexisting,2,Generation,0.0
Italy,Coalexisting,3,Generation,0.0
Italy,Coalexisting,4,Generation,0.0
Italy,Coalexisting,5,Generation,0.0
Italy,Coalexisting,6,Generation,0.0
Italy,Coalexisting,7,Generation,0.0
Italy,Coalexisting,8,Generation,0.0
Austria,Coal,1,Generation,0.0
Austria,Coal,2,Generation,0.0
Austria,Coal,3,Generation,0.0
Austria,Coal,4,Generation,0.0
Austria,Coal,5,Generation,0.0
Austria,Coal,6,Generation,0.0
Austria,Coal,7,Generation,0.0
Austria,Coal,8,Generation,0.0
BosniaH,Coal,1,Generation,0.0
BosniaH,Coal,2,Generation,0.0
BosniaH,Coal,3,Generation,0.0
BosniaH,Coal,4,Generation,200.28012220179727
BosniaH,Coal,5,Generation,132.50887045186238
BosniaH,Coal,6,Generation,640.1411212128272
BosniaH,Coal,7,Generation,443.45628824959
BosniaH,Coal,8,Generation,0.0
Belgium,Coal,1,Generation,0.0
Belgium,Coal,2,Generation,0.0
Belgium,Coal,3,Generation,0.0
Belgium,Coal,4,Generation,0.0
Belgium,Coal,5,Generation,0.0
Belgium,Coal,6,Generation,0.0
Belgium,Coal,7,Generation,0.0
Belgium,Coal,8,Generation,0.0
Bulgaria,Coal,1,Generation,0.0
Bulgaria,Coal,2,Generation,0.0
Bulgaria,Coal,3,Generation,0.0
Bulgaria,Coal,4,Generation,0.0
Bulgaria,Coal,5,Generation,0.0
Bulgaria,Coal,6,Generation,0.0
Bulgaria,Coal,7,Generation,0.0
Bulgaria,Coal,8,Generation,0.0
CzechR,Coal,1,Generation,0.0
CzechR,Coal,2,Generation,0.0
CzechR,Coal,3,Generation,0.0
CzechR,Coal,4,Generation,0.0
CzechR,Coal,5,Generation,0.0
CzechR,Coal,6,Generation,0.0
CzechR,Coal,7,Generation,0.0
CzechR,Coal,8,Generation,0.0
Germany,Coal,1,Generation,0.0
Germany,Coal,2,Generation,0.0
Germany,Coal,3,Generation,0.0
Germany,Coal,4,Generation,0.0
Germany,Coal,5,Generation,0.0
Germany,Coal,6,Generation,0.0
Germany,Coal,7,Generation,0.0
Germany,Coal,8,Generation,0.0
Denmark,Coal,1,Generation,0.0
Denmark,Coal,2,Generation,0.0
Denmark,Coal,3,Generation,0.0
Denmark,Coal,4,Generation,0.0
Denmark,Coal,5,Generation,0.0
Denmark,Coal,6,Generation,0.0
Denmark,Coal,7,Generation,0.0
Denmark,Coal,8,Generation,0.0
Spain,Coal,1,Generation,0.0
Spain,Coal,2,Generation,0.0
Spain,Coal,3,Generation,0.0
Spain,Coal,4,Generation,0.0
Spain,Coal,5,Generation,0.0
Spain,Coal,6,Generation,0.0
Spain,Coal,7,Generation,0.0
Spain,Coal,8,Generation,0.0
Finland,Coal,1,Generation,0.0
Finland,Coal,2,Generation,0.0
Finland,Coal,3,Generation,0.0
Finland,Coal,4,Generation,0.0
Finland,Coal,5,Generation,0.0
Finland,Coal,6,Generation,0.0
Finland,Coal,7,Generation,0.0
Finland,Coal,8,Generation,0.0
France,Coal,1,Generation,0.0
France,Coal,2,Generation,0.0
France,Coal,3,Generation,0.0
France,Coal,4,Generation,0.0
France,Coal,5,Generation,0.0
France,Coal,6,Generation,0.0
France,Coal,7,Generation,0.0
France,Coal,8,Generation,0.0
GreatBrit.,Coal,1,Generation,0.0
GreatBrit.,Coal,2,Generation,0.0
GreatBrit.,Coal,3,Generation,0.0
GreatBrit.,Coal,4,Generation,0.0
GreatBrit.,Coal,5,Generation,0.0
GreatBrit.,Coal,6,Generation,0.0
GreatBrit.,Coal,7,Generation,0.0
GreatBrit.,Coal,8,Generation,0.0
Croatia,Coal,1,Generation,0.0
Croatia,Coal,2,Generation,0.0
Croatia,Coal,3,Generation,0.0
Croatia,Coal,4,Generation,0.0
Croatia,Coal,5,Generation,0.0
Croatia,Coal,6,Generation,0.0
Croatia,Coal,7,Generation,0.0
Croatia,Coal,8,Generation,0.0
Hungary,Coal,1,Generation,0.0
Hungary,Coal,2,Generation,0.0
Hungary,Coal,3,Generation,0.0
Hungary,Coal,4,Generation,0.0
Hungary,Coal,5,Generation,0.0
Hungary,Coal,6,Generation,0.0
Hungary,Coal,7,Generation,0.0
Hungary,Coal,8,Generation,0.0
Ireland,Coal,1,Generation,0.0
Ireland,Coal,2,Generation,0.0
Ireland,Coal,3,Generation,0.0
Ireland,Coal,4,Generation,0.0
Ireland,Coal,5,Generation,0.0
Ireland,Coal,6,Generation,0.0
Ireland,Coal,7,Generation,0.0
Ireland,Coal,8,Generation,0.0
Italy,Coal,1,Generation,0.0
Italy,Coal,2,Generation,0.0
Italy,Coal,3,Generation,0.0
Italy,Coal,4,Generation,0.0
Italy,Coal,5,Generation,0.0
Italy,Coal,6,Generation,0.0
Italy,Coal,7,Generation,0.0
Italy,Coal,8,Generation,0.0
Austria,CoalCCSadv,1,Generation,0.0
Austria,CoalCCSadv,2,Generation,0.0
Austria,CoalCCSadv,3,Generation,0.0
Austria,CoalCCSadv,4,Generation,0.0
Austria,CoalCCSadv,5,Generation,0.0
Austria,CoalCCSadv,6,Generation,0.0
Austria,CoalCCSadv,7,Generation,0.0
Austria,CoalCCSadv,8,Generation,0.0
BosniaH,CoalCCSadv,1,Generation,0.0
BosniaH,CoalCCSadv,2,Generation,0.0
BosniaH,CoalCCSadv,3,Generation,0.0
BosniaH,CoalCCSadv,4,Generation,0.0
BosniaH,CoalCCSadv,5,Generation,0.0
BosniaH,CoalCCSadv,6,Generation,0.0
BosniaH,CoalCCSadv,7,Generation,0.0
BosniaH,CoalCCSadv,8,Generation,0.0
Belgium,CoalCCSadv,1,Generation,0.0
Belgium,CoalCCSadv,2,Generation,0.0
Belgium,CoalCCSadv,3,Generation,0.0
Belgium,CoalCCSadv,4,Generation,0.0
Belgium,CoalCCSadv,5,Generation,0.0
Belgium,CoalCCSadv,6,Generation,0.0
Belgium,CoalCCSadv,7,Generation,0.0
Belgium,CoalCCSadv,8,Generation,0.0
Bulgaria,CoalCCSadv,1,Generation,0.0
Bulgaria,CoalCCSadv,2,Generation,0.0
Bulgaria,CoalCCSadv,3,Generation,0.0
Bulgaria,CoalCCSadv,4,Generation,0.0
Bulgaria,CoalCCSadv,5,Generation,0.0
Bulgaria,CoalCCSadv,6,Generation,0.0
Bulgaria,CoalCCSadv,7,Generation,0.0
Bulgaria,CoalCCSadv,8,Generation,0.0
CzechR,CoalCCSadv,1,Generation,0.0
CzechR,CoalCCSadv,2,Generation,0.0
CzechR,CoalCCSadv,3,Generation,0.0
CzechR,CoalCCSadv,4,Generation,0.0
CzechR,CoalCCSadv,5,Generation,0.0
CzechR,CoalCCSadv,6,Generation,0.0
CzechR,CoalCCSadv,7,Generation,0.0
CzechR,CoalCCSadv,8,Generation,0.0
Germany,CoalCCSadv,1,Generation,0.0
Germany,CoalCCSadv,2,Generation,0.0
Germany,CoalCCSadv,3,Generation,0.0
Germany,CoalCCSadv,4,Generation,0.0
Germany,CoalCCSadv,5,Generation,0.0
Germany,CoalCCSadv,6,Generation,0.0
Germany,CoalCCSadv,7,Generation,0.0
Germany,CoalCCSadv,8,Generation,0.0
Denmark,CoalCCSadv,1,Generation,0.0
Denmark,CoalCCSadv,2,Generation,0.0
Denmark,CoalCCSadv,3,Generation,0.0
Denmark,CoalCCSadv,4,Generation,0.0
Denmark,CoalCCSadv,5,Generation,0.0
Denmark,CoalCCSadv,6,Generation,0.0
Denmark,CoalCCSadv,7,Generation,0.0
Denmark,CoalCCSadv,8,Generation,0.0
Spain,CoalCCSadv,1,Generation,0.0
Spain,CoalCCSadv,2,Generation,0.0
Spain,CoalCCSadv,3,Generation,0.0
Spain,CoalCCSadv,4,Generation,0.0
Spain,CoalCCSadv,5,Generation,0.0
Spain,CoalCCSadv,6,Generation,0.0
Spain,CoalCCSadv,7,Generation,0.0
Spain,CoalCCSadv,8,Generation,0.0
Finland,CoalCCSadv,1,Generation,0.0
Finland,CoalCCSadv,2,Generation,0.0
Finland,CoalCCSadv,3,Generation,0.0
Finland,CoalCCSadv,4,Generation,0.0
Finland,CoalCCSadv,5,Generation,0.0
Finland,CoalCCSadv,6,Generation,0.0
Finland,CoalCCSadv,7,Generation,0.0
Finland,CoalCCSadv,8,Generation,0.0
France,CoalCCSadv,1,Generation,0.0
France,CoalCCSadv,2,Generation,0.0
France,CoalCCSadv,3,Generation,0.0
France,CoalCCSadv,4,Generation,0.0
France,CoalCCSadv,5,Generation,0.0
France,CoalCCSadv,6,Generation,0.0
France,CoalCCSadv,7,Generation,0.0
France,CoalCCSadv,8,Generation,0.0
GreatBrit.,CoalCCSadv,1,Generation,0.0
GreatBrit.,CoalCCSadv,2,Generation,0.0
GreatBrit.,CoalCCSadv,3,Generation,0.0
GreatBrit.,CoalCCSadv,4,Generation,0.0
GreatBrit.,CoalCCSadv,5,Generation,0.0
GreatBrit.,CoalCCSadv,6,Generation,0.0
GreatBrit.,CoalCCSadv,7,Generation,0.0
GreatBrit.,CoalCCSadv,8,Generation,0.0
Croatia,CoalCCSadv,1,Generation,0.0
Croatia,CoalCCSadv,2,Generation,0.0
Croatia,CoalCCSadv,3,Generation,0.0
Croatia,CoalCCSadv,4,Generation,0.0
Croatia,CoalCCSadv,5,Generation,0.0
Croatia,CoalCCSadv,6,Generation,0.0
Croatia,CoalCCSadv,7,Generation,0.0
Croatia,CoalCCSadv,8,Generation,0.0
Hungary,CoalCCSadv,1,Generation,0.0
Hungary,CoalCCSadv,2,Generation,0.0
Hungary,CoalCCSadv,3,Generation,0.0
Hungary,CoalCCSadv,4,Generation,0.0
Hungary,CoalCCSadv,5,Generation,0.0
Hungary,CoalCCSadv,6,Generation,0.0
Hungary,CoalCCSadv,7,Generation,0.0
Hungary,CoalCCSadv,8,Generation,0.0
Ireland,CoalCCSadv,1,Generation,0.0
Ireland,CoalCCSadv,2,Generation,0.0
Ireland,CoalCCSadv,3,Generation,0.0
Ireland,CoalCCSadv,4,Generation,0.0
Ireland,CoalCCSadv,5,Generation,0.0
Ireland,CoalCCSadv,6,Generation,0.0
Ireland,CoalCCSadv,7,Generation,0.0
Ireland,CoalCCSadv,8,Generation,0.0
Italy,CoalCCSadv,1,Generation,0.0
Italy,CoalCCSadv,2,Generation,0.0
Italy,CoalCCSadv,3,Generation,0.0
Italy,CoalCCSadv,4,Generation,0.0
Italy,CoalCCSadv,5,Generation,0.0
Italy,CoalCCSadv,6,Generation,0.0
Italy,CoalCCSadv,7,Generation,0.0
Italy,CoalCCSadv,8,Generation,0.0
Austria,Gasexisting,1,Generation,0.0
Austria,Gasexisting,2,Generation,0.0
Austria,Gasexisting,3,Generation,0.0
Austria,Gasexisting,4,Generation,0.0
Austria,Gasexisting,5,Generation,0.0
Austria,Gasexisting,6,Generation,0.0
Austria,Gasexisting,7,Generation,0.0
Austria,Gasexisting,8,Generation,0.0
Belgium,Gasexisting,1,Generation,0.0
Belgium,Gasexisting,2,Generation,0.0
Belgium,Gasexisting,3,Generation,0.0
Belgium,Gasexisting,4,Generation,0.0
Belgium,Gasexisting,5,Generation,0.0
Belgium,Gasexisting,6,Generation,0.0
Belgium,Gasexisting,7,Generation,0.0
Belgium,Gasexisting,8,Generation,0.0
Bulgaria,Gasexisting,1,Generation,0.0
Bulgaria,Gasexisting,2,Generation,0.0
Bulgaria,Gasexisting,3,Generation,0.0
Bulgaria,Gasexisting,4,Generation,0.0
Bulgaria,Gasexisting,5,Generation,0.0
Bulgaria,Gasexisting,6,Generation,0.0
Bulgaria,Gasexisting,7,Generation,0.0
Bulgaria,Gasexisting,8,Generation,0.0
CzechR,Gasexisting,1,Generation,0.0
CzechR,Gasexisting,2,Generation,0.0
CzechR,Gasexisting,3,Generation,0.0
CzechR,Gasexisting,4,Generation,0.0
CzechR,Gasexisting,5,Generation,0.0
CzechR,Gasexisting,6,Generation,0.0
CzechR,Gasexisting,7,Generation,0.0
CzechR,Gasexisting,8,Generation,0.0
Germany,Gasexisting,1,Generation,0.0
Germany,Gasexisting,2,Generation,0.0
Germany,Gasexisting,3,Generation,0.0
Germany,Gasexisting,4,Generation,0.0
Germany,Gasexisting,5,Generation,0.0
Germany,Gasexisting,6,Generation,0.0
Germany,Gasexisting,7,Generation,0.0
Germany,Gasexisting,8,Generation,0.0
Denmark,Gasexisting,1,Generation,0.0
Denmark,Gasexisting,2,Generation,0.0
Denmark,Gasexisting,3,Generation,0.0
Denmark,Gasexisting,4,Generation,0.0
Denmark,Gasexisting,5,Generation,0.0
Denmark,Gasexisting,6,Generation,0.0
Denmark,Gasexisting,7,Generation,0.0
Denmark,Gasexisting,8,Generation,0.0
Estonia,Gasexisting,1,Generation,0.0
Estonia,Gasexisting,2,Generation,0.0
Estonia,Gasexisting,3,Generation,0.0
Estonia,Gasexisting,4,Generation,0.0
Estonia,Gasexisting,5,Generation,0.0
Estonia,Gasexisting,6,Generation,0.0
Estonia,Gasexisting,7,Generation,0.0
Estonia,Gasexisting,8,Generation,0.0
Spain,Gasexisting,1,Generation,0.0
Spain,Gasexisting,2,Generation,0.0
Spain,Gasexisting,3,Generation,0.0
Spain,Gasexisting,4,Generation,0.0
Spain,Gasexisting,5,Generation,0.0
Spain,Gasexisting,6,Generation,0.0
Spain,Gasexisting,7,Generation,0.0
Spain,Gasexisting,8,Generation,0.0
Finland,Gasexisting,1,Generation,0.0
Finland,Gasexisting,2,Generation,0.0
Finland,Gasexisting,3,Generation,0.0
Finland,Gasexisting,4,Generation,0.0
Finland,Gasexisting,5,Generation,0.0
Finland,Gasexisting,6,Generation,0.0
Finland,Gasexisting,7,Generation,0.0
Finland,Gasexisting,8,Generation,0.0
France,Gasexisting,1,Generation,0.0
France,Gasexisting,2,Generation,0.0
France,Gasexisting,3,Generation,0.0
France,Gasexisting,4,Generation,0.0
France,Gasexisting,5,Generation,0.0
France,Gasexisting,6,Generation,0.0
France,Gasexisting,7,Generation,0.0
France,Gasexisting,8,Generation,0.0
GreatBrit.,Gasexisting,1,Generation,0.0
GreatBrit.,Gasexisting,2,Generation,0.0
GreatBrit.,Gasexisting,3,Generation,0.0
GreatBrit.,Gasexisting,4,Generation,0.0
GreatBrit.,Gasexisting,5,Generation,0.0
GreatBrit.,Gasexisting,6,Generation,0.0
GreatBrit.,Gasexisting,7,Generation,0.0
GreatBrit.,Gasexisting,8,Generation,0.0
Greece,Gasexisting,1,Generation,0.0
Greece,Gasexisting,2,Generation,0.0
Greece,Gasexisting,3,Generation,0.0
Greece,Gasexisting,4,Generation,0.0
Greece,Gasexisting,5,Generation,0.0
Greece,Gasexisting,6,Generation,0.0
Greece,Gasexisting,7,Generation,0.0
Greece,Gasexisting,8,Generation,0.0
Croatia,Gasexisting,1,Generation,0.0
Croatia,Gasexisting,2,Generation,0.0
Croatia,Gasexisting,3,Generation,0.0
Croatia,Gasexisting,4,Generation,0.0
Croatia,Gasexisting,5,Generation,0.0
Croatia,Gasexisting,6,Generation,0.0
Croatia,Gasexisting,7,Generation,0.0
Croatia,Gasexisting,8,Generation,0.0
Hungary,Gasexisting,1,Generation,0.0
Hungary,Gasexisting,2,Generation,0.0
Hungary,Gasexisting,3,Generation,0.0
Hungary,Gasexisting,4,Generation,0.0
Hungary,Gasexisting,5,Generation,0.0
Hungary,Gasexisting,6,Generation,0.0
Hungary,Gasexisting,7,Generation,0.0
Hungary,Gasexisting,8,Generation,0.0
Ireland,Gasexisting,1,Generation,0.0
Ireland,Gasexisting,2,Generation,0.0
Ireland,Gasexisting,3,Generation,0.0
Ireland,Gasexisting,4,Generation,0.0
Ireland,Gasexisting,5,Generation,0.0
Ireland,Gasexisting,6,Generation,0.0
Ireland,Gasexisting,7,Generation,0.0
Ireland,Gasexisting,8,Generation,0.0
Italy,Gasexisting,1,Generation,0.0
Italy,Gasexisting,2,Generation,0.0
Italy,Gasexisting,3,Generation,0.0
Italy,Gasexisting,4,Generation,0.0
Italy,Gasexisting,5,Generation,0.0
Italy,Gasexisting,6,Generation,0.0
Italy,Gasexisting,7,Generation,0.0
Italy,Gasexisting,8,Generation,0.0
Lithuania,Gasexisting,1,Generation,0.0
Lithuania,Gasexisting,2,Generation,0.0
Lithuania,Gasexisting,3,Generation,0.0
Lithuania,Gasexisting,4,Generation,0.0
Lithuania,Gasexisting,5,Generation,0.0
Lithuania,Gasexisting,6,Generation,0.0
Lithuania,Gasexisting,7,Generation,0.0
Lithuania,Gasexisting,8,Generation,0.0
Luxemb.,Gasexisting,1,Generation,0.0
Luxemb.,Gasexisting,2,Generation,0.0
Luxemb.,Gasexisting,3,Generation,0.0
Luxemb.,Gasexisting,4,Generation,0.0
Luxemb.,Gasexisting,5,Generation,0.0
Luxemb.,Gasexisting,6,Generation,0.0
Luxemb.,Gasexisting,7,Generation,0.0
Luxemb.,Gasexisting,8,Generation,0.0
Austria,GasOCGT,1,Generation,1200.694404938886
Austria,GasOCGT,2,Generation,2741.416211137891
Austria,GasOCGT,3,Generation,0.0
Austria,GasOCGT,4,Generation,0.0
Austria,GasOCGT,5,Generation,0.0
Austria,GasOCGT,6,Generation,0.0
Austria,GasOCGT,7,Generation,0.0
Austria,GasOCGT,8,Generation,0.0
Belgium,GasOCGT,1,Generation,0.0
Belgium,GasOCGT,2,Generation,0.0
Belgium,GasOCGT,3,Generation,0.0
Belgium,GasOCGT,4,Generation,0.0
Belgium,GasOCGT,5,Generation,0.0
Belgium,GasOCGT,6,Generation,0.0
Belgium,GasOCGT,7,Generation,0.0
Belgium,GasOCGT,8,Generation,0.0
Bulgaria,GasOCGT,1,Generation,0.0
Bulgaria,GasOCGT,2,Generation,1528.3633991101506
Bulgaria,GasOCGT,3,Generation,0.0
Bulgaria,GasOCGT,4,Generation,0.0
Bulgaria,GasOCGT,5,Generation,0.0
Bulgaria,GasOCGT,6,Generation,0.0
Bulgaria,GasOCGT,7,Generation,0.0
Bulgaria,GasOCGT,8,Generation,0.0
Switzerland,GasOCGT,1,Generation,1892.2518932513137
Switzerland,GasOCGT,2,Generation,872.6755384885239
Switzerland,GasOCGT,3,Generation,0.0
Switzerland,GasOCGT,4,Generation,0.0
Switzerland,GasOCGT,5,Generation,0.0
Switzerland,GasOCGT,6,Generation,0.0
Switzerland,GasOCGT,7,Generation,241.52539286931255
Switzerland,GasOCGT,8,Generation,862.4527251284114
CzechR,GasOCGT,1,Generation,0.0
CzechR,GasOCGT,2,Generation,2322.5058701762614
CzechR,GasOCGT,3,Generation,1907.9559395794909
CzechR,GasOCGT,4,Generation,2567.2516472396264
CzechR,GasOCGT,5,Generation,0.0
CzechR,GasOCGT,6,Generation,0.0
CzechR,GasOCGT,7,Generation,0.0
CzechR,GasOCGT,8,Generation,0.0
Germany,GasOCGT,1,Generation,4986.691557884073
Germany,GasOCGT,2,Generation,0.0
Germany,GasOCGT,3,Generation,0.0
Germany,GasOCGT,4,Generation,0.0
Germany,GasOCGT,5,Generation,0.0
Germany,GasOCGT,6,Generation,0.0
Germany,GasOCGT,7,Generation,0.0
Germany,GasOCGT,8,Generation,3014.0563242341254
Denmark,GasOCGT,1,Generation,0.0
Denmark,GasOCGT,2,Generation,2023.0792918555708
Denmark,GasOCGT,3,Generation,0.0
Denmark,GasOCGT,4,Generation,1858.2714258160145
Denmark,GasOCGT,5,Generation,0.0
Denmark,GasOCGT,6,Generation,2802.6358109431526
Denmark,GasOCGT,7,Generation,3357.7081727855243
Denmark,GasOCGT,8,Generation,0.0
Estonia,GasOCGT,1,Generation,0.0
Estonia,GasOCGT,2,Generation,478.08568703806225
Estonia,GasOCGT,3,Generation,386.4308245188954
Estonia,GasOCGT,4,Generation,0.0
Estonia,GasOCGT,5,Generation,0.0
Estonia,GasOCGT,6,Generation,0.0
Estonia,GasOCGT,7,Generation,0.0
Estonia,GasOCGT,8,Generation,0.0
Spain,GasOCGT,1,Generation,0.0
Spain,GasOCGT,2,Generation,0.0
Spain,GasOCGT,3,Generation,0.0
Spain,GasOCGT,4,Generation,0.0
Spain,GasOCGT,5,Generation,0.0
Spain,GasOCGT,6,Generation,0.0
Spain,GasOCGT,7,Generation,0.0
Spain,GasOCGT,8,Generation,0.0
Finland,GasOCGT,1,Generation,1521.214694419595
Finland,GasOCGT,2,Generation,3527.776162827404
Finland,GasOCGT,3,Generation,1603.166145011861
Finland,GasOCGT,4,Generation,0.0
Finland,GasOCGT,5,Generation,0.0
Finland,GasOCGT,6,Generation,0.0
Finland,GasOCGT,7,Generation,0.0
Finland,GasOCGT,8,Generation,0.0
France,GasOCGT,1,Generation,25733.505356803544
France,GasOCGT,2,Generation,0.0
France,GasOCGT,3,Generation,0.0
France,GasOCGT,4,Generation,0.0
France,GasOCGT,5,Generation,0.0
France,GasOCGT,6,Generation,0.0
France,GasOCGT,7,Generation,0.0
France,GasOCGT,8,Generation,17917.02316104643
GreatBrit.,GasOCGT,1,Generation,12525.478605832699
GreatBrit.,GasOCGT,2,Generation,0.0
GreatBrit.,GasOCGT,3,Generation,0.0
GreatBrit.,GasOCGT,4,Generation,0.0
GreatBrit.,GasOCGT,5,Generation,0.0
GreatBrit.,GasOCGT,6,Generation,0.0
GreatBrit.,GasOCGT,7,Generation,0.0
GreatBrit.,GasOCGT,8,Generation,0.0
Greece,GasOCGT,1,Generation,0.0
Greece,GasOCGT,2,Generation,0.0
Greece,GasOCGT,3,Generation,0.0
Greece,GasOCGT,4,Generation,0.0
Greece,GasOCGT,5,Generation,0.0
Greece,GasOCGT,6,Generation,0.0
Greece,GasOCGT,7,Generation,0.0
Greece,GasOCGT,8,Generation,0.0
Croatia,GasOCGT,1,Generation,0.0
Croatia,GasOCGT,2,Generation,501.4976326989419
Croatia,GasOCGT,3,Generation,263.99153201721265
Croatia,GasOCGT,4,Generation,442.1684310463662
Croatia,GasOCGT,5,Generation,181.66135765221492
Croatia,GasOCGT,6,Generation,38.02017433896572
Croatia,GasOCGT,7,Generation,0.0
Croatia,GasOCGT,8,Generation,0.0
Hungary,GasOCGT,1,Generation,0.0
Hungary,GasOCGT,2,Generation,2026.253007956198
Hungary,GasOCGT,3,Generation,0.0
Hungary,GasOCGT,4,Generation,0.0
Hungary,GasOCGT,5,Generation,0.0
Hungary,GasOCGT,6,Generation,0.0
Hungary,GasOCGT,7,Generation,376.7106289994608
Hungary,GasOCGT,8,Generation,0.0
Ireland,GasOCGT,1,Generation,0.0
Ireland,GasOCGT,2,Generation,0.0
Ireland,GasOCGT,3,Generation,0.0
Ireland,GasOCGT,4,Generation,0.0
Ireland,GasOCGT,5,Generation,0.0
Ireland,GasOCGT,6,Generation,0.0
Ireland,GasOCGT,7,Generation,0.0
Ireland,GasOCGT,8,Generation,0.0
Italy,GasOCGT,1,Generation,0.0
Italy,GasOCGT,2,Generation,0.0
Italy,GasOCGT,3,Generation,0.0
Italy,GasOCGT,4,Generation,0.0
Italy,GasOCGT,5,Generation,0.0
Italy,GasOCGT,6,Generation,0.0
Italy,GasOCGT,7,Generation,0.0
Italy,GasOCGT,8,Generation,0.0
Lithuania,GasOCGT,1,Generation,178.7554105440064
Lithuania,GasOCGT,2,Generation,513.9243868759651
Lithuania,GasOCGT,3,Generation,0.0
Lithuania,GasOCGT,4,Generation,0.0
Lithuania,GasOCGT,5,Generation,0.0
Lithuania,GasOCGT,6,Generation,0.0
Lithuania,GasOCGT,7,Generation,61.183301471528125
Lithuania,GasOCGT,8,Generation,551.4418474539403
Luxemb.,GasOCGT,1,Generation,0.0
Luxemb.,GasOCGT,2,Generation,0.0
Luxemb.,GasOCGT,3,Generation,0.0
Luxemb.,GasOCGT,4,Generation,0.0
Luxemb.,GasOCGT,5,Generation,0.0
Luxemb.,GasOCGT,6,Generation,0.0
Luxemb.,GasOCGT,7,Generation,0.0
Luxemb.,GasOCGT,8,Generation,128.3965702096018
Austria,GasCCGT,1,Generation,0.0
Austria,GasCCGT,2,Generation,0.0
Austria,GasCCGT,3,Generation,1992.3877372081354
Austria,GasCCGT,4,Generation,217.98068818949082
Austria,GasCCGT,5,Generation,16.909544017935332
Austria,GasCCGT,6,Generation,1258.3630077311905
Austria,GasCCGT,7,Generation,1452.8216827155516
Austria,GasCCGT,8,Generation,0.0
Belgium,GasCCGT,1,Generation,4435.857976667894
Belgium,GasCCGT,2,Generation,3574.176403447928
Belgium,GasCCGT,3,Generation,2401.533303211499
Belgium,GasCCGT,4,Generation,1388.9886142012838
Belgium,GasCCGT,5,Generation,0.0
Belgium,GasCCGT,6,Generation,3480.0268408223146
Belgium,GasCCGT,7,Generation,2553.4495630520764
Belgium,GasCCGT,8,Generation,0.0
Bulgaria,GasCCGT,1,Generation,0.0
Bulgaria,GasCCGT,2,Generation,0.0
Bulgaria,GasCCGT,3,Generation,436.51883608536093
Bulgaria,GasCCGT,4,Generation,56.15607795656378
Bulgaria,GasCCGT,5,Generation,0.0
Bulgaria,GasCCGT,6,Generation,0.0
Bulgaria,GasCCGT,7,Generation,0.0
Bulgaria,GasCCGT,8,Generation,1137.9755349258398
Switzerland,GasCCGT,1,Generation,0.0
Switzerland,GasCCGT,2,Generation,0.0
Switzerland,GasCCGT,3,Generation,0.0
Switzerland,GasCCGT,4,Generation,0.0
Switzerland,GasCCGT,5,Generation,0.0
Switzerland,GasCCGT,6,Generation,0.0
Switzerland,GasCCGT,7,Generation,0.0
Switzerland,GasCCGT,8,Generation,0.0
CzechR,GasCCGT,1,Generation,0.0
CzechR,GasCCGT,2,Generation,0.0
CzechR,GasCCGT,3,Generation,0.0
CzechR,GasCCGT,4,Generation,0.0
CzechR,GasCCGT,5,Generation,0.0
CzechR,GasCCGT,6,Generation,1231.457323414312
CzechR,GasCCGT,7,Generation,0.0
CzechR,GasCCGT,8,Generation,0.0
Germany,GasCCGT,1,Generation,0.0
Germany,GasCCGT,2,Generation,32171.177651335478
Germany,GasCCGT,3,Generation,7858.108258528948
Germany,GasCCGT,4,Generation,9439.679646883604
Germany,GasCCGT,5,Generation,0.0
Germany,GasCCGT,6,Generation,5979.422326077467
Germany,GasCCGT,7,Generation,0.0
Germany,GasCCGT,8,Generation,16746.984855896982
Denmark,GasCCGT,1,Generation,0.0
Denmark,GasCCGT,2,Generation,0.0
Denmark,GasCCGT,3,Generation,0.0
Denmark,GasCCGT,4,Generation,0.0
Denmark,GasCCGT,5,Generation,0.0
Denmark,GasCCGT,6,Generation,1214.7179237886405
Denmark,GasCCGT,7,Generation,0.0
Denmark,GasCCGT,8,Generation,0.0
Estonia,GasCCGT,1,Generation,0.0
Estonia,GasCCGT,2,Generation,0.0
Estonia,GasCCGT,3,Generation,287.250108002465
Estonia,GasCCGT,4,Generation,215.38544256405282
Estonia,GasCCGT,5,Generation,0.0
Estonia,GasCCGT,6,Generation,469.722135550914
Estonia,GasCCGT,7,Generation,283.6269152444539
Estonia,GasCCGT,8,Generation,692.1386822834788
Spain,GasCCGT,1,Generation,0.0
Spain,GasCCGT,2,Generation,4652.189974956315
Spain,GasCCGT,3,Generation,891.2864825010854
Spain,GasCCGT,4,Generation,6447.546554433039
Spain,GasCCGT,5,Generation,0.0
Spain,GasCCGT,6,Generation,0.0
Spain,GasCCGT,7,Generation,0.0
Spain,GasCCGT,8,Generation,0.0
Finland,GasCCGT,1,Generation,0.0
Finland,GasCCGT,2,Generation,0.0
Finland,GasCCGT,3,Generation,0.0
Finland,GasCCGT,4,Generation,814.415438191526
Finland,GasCCGT,5,Generation,62.18271632102403
Finland,GasCCGT,6,Generation,2071.3314488892042
Finland,GasCCGT,7,Generation,3162.667493780879
Finland,GasCCGT,8,Generation,3209.992221397951
France,GasCCGT,1,Generation,0.0
France,GasCCGT,2,Generation,20744.981003110555
France,GasCCGT,3,Generation,4488.359717299067
France,GasCCGT,4,Generation,9373.062606753621
France,GasCCGT,5,Generation,0.0
France,GasCCGT,6,Generation,0.0
France,GasCCGT,7,Generation,0.0
France,GasCCGT,8,Generation,0.0
GreatBrit.,GasCCGT,1,Generation,0.0
GreatBrit.,GasCCGT,2,Generation,8474.797321591814
GreatBrit.,GasCCGT,3,Generation,8899.045504495021
GreatBrit.,GasCCGT,4,Generation,13811.192899931859
GreatBrit.,GasCCGT,5,Generation,0.0
GreatBrit.,GasCCGT,6,Generation,5373.800800308229
GreatBrit.,GasCCGT,7,Generation,0.0
GreatBrit.,GasCCGT,8,Generation,4035.4383884382187
Greece,GasCCGT,1,Generation,260.91095158067174
Greece,GasCCGT,2,Generation,1533.3793358528799
Greece,GasCCGT,3,Generation,1029.893054833983
Greece,GasCCGT,4,Generation,1360.8319180122828
Greece,GasCCGT,5,Generation,0.0
Greece,GasCCGT,6,Generation,0.0
Greece,GasCCGT,7,Generation,0.0
Greece,GasCCGT,8,Generation,1520.2134967859345
Croatia,GasCCGT,1,Generation,0.0
Croatia,GasCCGT,2,Generation,0.0
Croatia,GasCCGT,3,Generation,0.0
Croatia,GasCCGT,4,Generation,0.0
Croatia,GasCCGT,5,Generation,0.0
Croatia,GasCCGT,6,Generation,0.0
Croatia,GasCCGT,7,Generation,84.91558712892322
Croatia,GasCCGT,8,Generation,0.0
Hungary,GasCCGT,1,Generation,0.0
Hungary,GasCCGT,2,Generation,0.0
Hungary,GasCCGT,3,Generation,1120.0734685970929
Hungary,GasCCGT,4,Generation,917.4761923147018
Hungary,GasCCGT,5,Generation,0.0
Hungary,GasCCGT,6,Generation,0.0
Hungary,GasCCGT,7,Generation,0.0
Hungary,GasCCGT,8,Generation,0.0
Ireland,GasCCGT,1,Generation,0.0
Ireland,GasCCGT,2,Generation,71.02497912902491
Ireland,GasCCGT,3,Generation,1699.1119904331324
Ireland,GasCCGT,4,Generation,458.9636293611941
Ireland,GasCCGT,5,Generation,0.0
Ireland,GasCCGT,6,Generation,1090.0118186008553
Ireland,GasCCGT,7,Generation,0.0
Ireland,GasCCGT,8,Generation,0.0
Italy,GasCCGT,1,Generation,0.0
Italy,GasCCGT,2,Generation,9697.543291364358
Italy,GasCCGT,3,Generation,13583.588817513677
Italy,GasCCGT,4,Generation,9950.886962165388
Italy,GasCCGT,5,Generation,0.0
Italy,GasCCGT,6,Generation,0.0
Italy,GasCCGT,7,Generation,0.0
Italy,GasCCGT,8,Generation,0.0
Lithuania,GasCCGT,1,Generation,0.0
Lithuania,GasCCGT,2,Generation,0.0
Lithuania,GasCCGT,3,Generation,0.0
Lithuania,GasCCGT,4,Generation,0.0
Lithuania,GasCCGT,5,Generation,0.0
Lithuania,GasCCGT,6,Generation,0.0
Lithuania,GasCCGT,7,Generation,0.0
Lithuania,GasCCGT,8,Generation,0.0
Luxemb.,GasCCGT,1,Generation,897.2084798521696
Luxemb.,GasCCGT,2,Generation,53.54183886180215
Luxemb.,GasCCGT,3,Generation,23.984115284911013
Luxemb.,GasCCGT,4,Generation,243.14015366606156
Luxemb.,GasCCGT,5,Generation,0.0
Luxemb.,GasCCGT,6,Generation,460.1246242755569
Luxemb.,GasCCGT,7,Generation,103.03613618092913
Luxemb.,GasCCGT,8,Generation,0.0
Austria,GasCCSadv,1,Generation,0.0
Austria,GasCCSadv,2,Generation,0.0
Austria,GasCCSadv,3,Generation,0.0
Austria,GasCCSadv,4,Generation,0.0
Austria,GasCCSadv,5,Generation,0.0
Austria,GasCCSadv,6,Generation,0.0
Austria,GasCCSadv,7,Generation,0.0
Austria,GasCCSadv,8,Generation,0.0
Belgium,GasCCSadv,1,Generation,0.0
Belgium,GasCCSadv,2,Generation,0.0
Belgium,GasCCSadv,3,Generation,0.0
Belgium,GasCCSadv,4,Generation,0.0
Belgium,GasCCSadv,5,Generation,0.0
Belgium,GasCCSadv,6,Generation,0.0
Belgium,GasCCSadv,7,Generation,0.0
Belgium,GasCCSadv,8,Generation,0.0
Bulgaria,GasCCSadv,1,Generation,0.0
Bulgaria,GasCCSadv,2,Generation,0.0
Bulgaria,GasCCSadv,3,Generation,0.0
Bulgaria,GasCCSadv,4,Generation,0.0
Bulgaria,GasCCSadv,5,Generation,0.0
Bulgaria,GasCCSadv,6,Generation,0.0
Bulgaria,GasCCSadv,7,Generation,0.0
Bulgaria,GasCCSadv,8,Generation,0.0
Switzerland,GasCCSadv,1,Generation,0.0
Switzerland,GasCCSadv,2,Generation,0.0
Switzerland,GasCCSadv,3,Generation,0.0
Switzerland,GasCCSadv,4,Generation,0.0
Switzerland,GasCCSadv,5,Generation,0.0
Switzerland,GasCCSadv,6,Generation,0.0
Switzerland,GasCCSadv,7,Generation,0.0
Switzerland,GasCCSadv,8,Generation,0.0
CzechR,GasCCSadv,1,Generation,0.0
CzechR,GasCCSadv,2,Generation,0.0
CzechR,GasCCSadv,3,Generation,0.0
CzechR,GasCCSadv,4,Generation,0.0
CzechR,GasCCSadv,5,Generation,0.0
CzechR,GasCCSadv,6,Generation,0.0
CzechR,GasCCSadv,7,Generation,0.0
CzechR,GasCCSadv,8,Generation,0.0
Germany,GasCCSadv,1,Generation,0.0
Germany,GasCCSadv,2,Generation,0.0
Germany,GasCCSadv,3,Generation,0.0
Germany,GasCCSadv,4,Generation,0.0
Germany,GasCCSadv,5,Generation,0.0
Germany,GasCCSadv,6,Generation,0.0
Germany,GasCCSadv,7,Generation,0.0
Germany,GasCCSadv,8,Generation,0.0
Denmark,GasCCSadv,1,Generation,0.0
Denmark,GasCCSadv,2,Generation,0.0
Denmark,GasCCSadv,3,Generation,0.0
Denmark,GasCCSadv,4,Generation,0.0
Denmark,GasCCSadv,5,Generation,0.0
Denmark,GasCCSadv,6,Generation,0.0
Denmark,GasCCSadv,7,Generation,0.0
Denmark,GasCCSadv,8,Generation,0.0
Estonia,GasCCSadv,1,Generation,0.0
Estonia,GasCCSadv,2,Generation,0.0
Estonia,GasCCSadv,3,Generation,0.0
Estonia,GasCCSadv,4,Generation,0.0
Estonia,GasCCSadv,5,Generation,0.0
Estonia,GasCCSadv,6,Generation,0.0
Estonia,GasCCSadv,7,Generation,0.0
Estonia,GasCCSadv,8,Generation,0.0
Spain,GasCCSadv,1,Generation,0.0
Spain,GasCCSadv,2,Generation,0.0
Spain,GasCCSadv,3,Generation,0.0
Spain,GasCCSadv,4,Generation,0.0
Spain,GasCCSadv,5,Generation,0.0
Spain,GasCCSadv,6,Generation,0.0
Spain,GasCCSadv,7,Generation,0.0
Spain,GasCCSadv,8,Generation,0.0
Finland,GasCCSadv,1,Generation,0.0
Finland,GasCCSadv,2,Generation,0.0
Finland,GasCCSadv,3,Generation,0.0
Finland,GasCCSadv,4,Generation,0.0
Finland,GasCCSadv,5,Generation,0.0
Finland,GasCCSadv,6,Generation,0.0
Finland,GasCCSadv,7,Generation,0.0
Finland,GasCCSadv,8,Generation,0.0
France,GasCCSadv,1,Generation,0.0
France,GasCCSadv,2,Generation,0.0
France,GasCCSadv,3,Generation,0.0
France,GasCCSadv,4,Generation,0.0
France,GasCCSadv,5,Generation,0.0
France,GasCCSadv,6,Generation,0.0
France,GasCCSadv,7,Generation,0.0
France,GasCCSadv,8,Generation,0.0
GreatBrit.,GasCCSadv,1,Generation,0.0
GreatBrit.,GasCCSadv,2,Generation,0.0
GreatBrit.,GasCCSadv,3,Generation,0.0
GreatBrit.,GasCCSadv,4,Generation,0.0
GreatBrit.,GasCCSadv,5,Generation,0.0
GreatBrit.,GasCCSadv,6,Generation,0.0
GreatBrit.,GasCCSadv,7,Generation,0.0
GreatBrit.,GasCCSadv,8,Generation,0.0
Greece,GasCCSadv,1,Generation,0.0
Greece,GasCCSadv,2,Generation,0.0
Greece,GasCCSadv,3,Generation,0.0
Greece,GasCCSadv,4,Generation,0.0
Greece,GasCCSadv,5,Generation,0.0
Greece,GasCCSadv,6,Generation,0.0
Greece,GasCCSadv,7,Generation,0.0
Greece,GasCCSadv,8,Generation,0.0
Croatia,GasCCSadv,1,Generation,0.0
Croatia,GasCCSadv,2,Generation,0.0
Croatia,GasCCSadv,3,Generation,0.0
Croatia,GasCCSadv,4,Generation,0.0
Croatia,GasCCSadv,5,Generation,0.0
Croatia,GasCCSadv,6,Generation,0.0
Croatia,GasCCSadv,7,Generation,0.0
Croatia,GasCCSadv,8,Generation,0.0
Hungary,GasCCSadv,1,Generation,0.0
Hungary,GasCCSadv,2,Generation,0.0
Hungary,GasCCSadv,3,Generation,0.0
Hungary,GasCCSadv,4,Generation,0.0
Hungary,GasCCSadv,5,Generation,0.0
Hungary,GasCCSadv,6,Generation,0.0
Hungary,GasCCSadv,7,Generation,0.0
Hungary,GasCCSadv,8,Generation,0.0
Ireland,GasCCSadv,1,Generation,0.0
Ireland,GasCCSadv,2,Generation,0.0
Ireland,GasCCSadv,3,Generation,0.0
Ireland,GasCCSadv,4,Generation,0.0
Ireland,GasCCSadv,5,Generation,0.0
Ireland,GasCCSadv,6,Generation,0.0
Ireland,GasCCSadv,7,Generation,0.0
Ireland,GasCCSadv,8,Generation,0.0
Italy,GasCCSadv,1,Generation,0.0
Italy,GasCCSadv,2,Generation,0.0
Italy,GasCCSadv,3,Generation,0.0
Italy,GasCCSadv,4,Generation,0.0
Italy,GasCCSadv,5,Generation,0.0
Italy,GasCCSadv,6,Generation,0.0
Italy,GasCCSadv,7,Generation,0.0
Italy,GasCCSadv,8,Generation,0.0
Lithuania,GasCCSadv,1,Generation,0.0
Lithuania,GasCCSadv,2,Generation,0.0
Lithuania,GasCCSadv,3,Generation,0.0
Lithuania,GasCCSadv,4,Generation,0.0
Lithuania,GasCCSadv,5,Generation,0.0
Lithuania,GasCCSadv,6,Generation,0.0
Lithuania,GasCCSadv,7,Generation,0.0
Lithuania,GasCCSadv,8,Generation,0.0
Luxemb.,GasCCSadv,1,Generation,0.0
Luxemb.,GasCCSadv,2,Generation,0.0
Luxemb.,GasCCSadv,3,Generation,0.0
Luxemb.,GasCCSadv,4,Generation,0.0
Luxemb.,GasCCSadv,5,Generation,0.0
Luxemb.,GasCCSadv,6,Generation,0.0
Luxemb.,GasCCSadv,7,Generation,0.0
Luxemb.,GasCCSadv,8,Generation,0.0
Austria,Oilexisting,1,Generation,0.0
Austria,Oilexisting,2,Generation,0.0
Austria,Oilexisting,3,Generation,0.0
Austria,Oilexisting,4,Generation,0.0
Austria,Oilexisting,5,Generation,0.0
Austria,Oilexisting,6,Generation,0.0
Austria,Oilexisting,7,Generation,0.0
Austria,Oilexisting,8,Generation,0.0
BosniaH,Oilexisting,1,Generation,0.0
BosniaH,Oilexisting,2,Generation,0.0
BosniaH,Oilexisting,3,Generation,0.0
BosniaH,Oilexisting,4,Generation,0.0
BosniaH,Oilexisting,5,Generation,0.0
BosniaH,Oilexisting,6,Generation,0.0
BosniaH,Oilexisting,7,Generation,0.0
BosniaH,Oilexisting,8,Generation,0.0
Belgium,Oilexisting,1,Generation,0.0
Belgium,Oilexisting,2,Generation,0.0
Belgium,Oilexisting,3,Generation,0.0
Belgium,Oilexisting,4,Generation,0.0
Belgium,Oilexisting,5,Generation,0.0
Belgium,Oilexisting,6,Generation,0.0
Belgium,Oilexisting,7,Generation,0.0
Belgium,Oilexisting,8,Generation,0.0
Bulgaria,Oilexisting,1,Generation,0.0
Bulgaria,Oilexisting,2,Generation,0.0
Bulgaria,Oilexisting,3,Generation,0.0
Bulgaria,Oilexisting,4,Generation,0.0
Bulgaria,Oilexisting,5,Generation,0.0
Bulgaria,Oilexisting,6,Generation,0.0
Bulgaria,Oilexisting,7,Generation,0.0
Bulgaria,Oilexisting,8,Generation,0.0
Switzerland,Oilexisting,1,Generation,0.0
Switzerland,Oilexisting,2,Generation,0.0
Switzerland,Oilexisting,3,Generation,0.0
Switzerland,Oilexisting,4,Generation,0.0
Switzerland,Oilexisting,5,Generation,0.0
Switzerland,Oilexisting,6,Generation,0.0
Switzerland,Oilexisting,7,Generation,0.0
Switzerland,Oilexisting,8,Generation,0.0
CzechR,Oilexisting,1,Generation,0.0
CzechR,Oilexisting,2,Generation,0.0
CzechR,Oilexisting,3,Generation,0.0
CzechR,Oilexisting,4,Generation,0.0
CzechR,Oilexisting,5,Generation,0.0
CzechR,Oilexisting,6,Generation,0.0
CzechR,Oilexisting,7,Generation,0.0
CzechR,Oilexisting,8,Generation,0.0
Germany,Oilexisting,1,Generation,0.0
Germany,Oilexisting,2,Generation,0.0
Germany,Oilexisting,3,Generation,0.0
Germany,Oilexisting,4,Generation,0.0
Germany,Oilexisting,5,Generation,0.0
Germany,Oilexisting,6,Generation,0.0
Germany,Oilexisting,7,Generation,0.0
Germany,Oilexisting,8,Generation,0.0
Denmark,Oilexisting,1,Generation,0.0
Denmark,Oilexisting,2,Generation,0.0
Denmark,Oilexisting,3,Generation,0.0
Denmark,Oilexisting,4,Generation,0.0
Denmark,Oilexisting,5,Generation,0.0
Denmark,Oilexisting,6,Generation,0.0
Denmark,Oilexisting,7,Generation,0.0
Denmark,Oilexisting,8,Generation,0.0
Estonia,Oilexisting,1,Generation,0.0
Estonia,Oilexisting,2,Generation,0.0
Estonia,Oilexisting,3,Generation,0.0
Estonia,Oilexisting,4,Generation,0.0
Estonia,Oilexisting,5,Generation,0.0
Estonia,Oilexisting,6,Generation,0.0
Estonia,Oilexisting,7,Generation,0.0
Estonia,Oilexisting,8,Generation,0.0
Spain,Oilexisting,1,Generation,0.0
Spain,Oilexisting,2,Generation,0.0
Spain,Oilexisting,3,Generation,0.0
Spain,Oilexisting,4,Generation,0.0
Spain,Oilexisting,5,Generation,0.0
Spain,Oilexisting,6,Generation,0.0
Spain,Oilexisting,7,Generation,0.0
Spain,Oilexisting,8,Generation,0.0
Finland,Oilexisting,1,Generation,0.0
Finland,Oilexisting,2,Generation,0.0
Finland,Oilexisting,3,Generation,0.0
Finland,Oilexisting,4,Generation,0.0
Finland,Oilexisting,5,Generation,0.0
Finland,Oilexisting,6,Generation,0.0
Finland,Oilexisting,7,Generation,0.0
Finland,Oilexisting,8,Generation,0.0
France,Oilexisting,1,Generation,0.0
France,Oilexisting,2,Generation,0.0
France,Oilexisting,3,Generation,0.0
France,Oilexisting,4,Generation,0.0
France,Oilexisting,5,Generation,0.0
France,Oilexisting,6,Generation,0.0
France,Oilexisting,7,Generation,0.0
France,Oilexisting,8,Generation,0.0
GreatBrit.,Oilexisting,1,Generation,0.0
GreatBrit.,Oilexisting,2,Generation,0.0
GreatBrit.,Oilexisting,3,Generation,0.0
GreatBrit.,Oilexisting,4,Generation,0.0
GreatBrit.,Oilexisting,5,Generation,0.0
GreatBrit.,Oilexisting,6,Generation,0.0
GreatBrit.,Oilexisting,7,Generation,0.0
GreatBrit.,Oilexisting,8,Generation,0.0
Croatia,Oilexisting,1,Generation,0.0
Croatia,Oilexisting,2,Generation,0.0
Croatia,Oilexisting,3,Generation,0.0
Croatia,Oilexisting,4,Generation,0.0
Croatia,Oilexisting,5,Generation,0.0
Croatia,Oilexisting,6,Generation,0.0
Croatia,Oilexisting,7,Generation,0.0
Croatia,Oilexisting,8,Generation,0.0
Hungary,Oilexisting,1,Generation,0.0
Hungary,Oilexisting,2,Generation,0.0
Hungary,Oilexisting,3,Generation,0.0
Hungary,Oilexisting,4,Generation,0.0
Hungary,Oilexisting,5,Generation,0.0
Hungary,Oilexisting,6,Generation,0.0
Hungary,Oilexisting,7,Generation,0.0
Hungary,Oilexisting,8,Generation,0.0
Ireland,Oilexisting,1,Generation,0.0
Ireland,Oilexisting,2,Generation,0.0
Ireland,Oilexisting,3,Generation,0.0
Ireland,Oilexisting,4,Generation,0.0
Ireland,Oilexisting,5,Generation,0.0
Ireland,Oilexisting,6,Generation,0.0
Ireland,Oilexisting,7,Generation,0.0
Ireland,Oilexisting,8,Generation,0.0
Italy,Oilexisting,1,Generation,0.0
Italy,Oilexisting,2,Generation,0.0
Italy,Oilexisting,3,Generation,0.0
Italy,Oilexisting,4,Generation,0.0
Italy,Oilexisting,5,Generation,0.0
Italy,Oilexisting,6,Generation,0.0
Italy,Oilexisting,7,Generation,0.0
Italy,Oilexisting,8,Generation,0.0
Lithuania,Oilexisting,1,Generation,0.0
Lithuania,Oilexisting,2,Generation,0.0
Lithuania,Oilexisting,3,Generation,0.0
Lithuania,Oilexisting,4,Generation,0.0
Lithuania,Oilexisting,5,Generation,0.0
Lithuania,Oilexisting,6,Generation,0.0
Lithuania,Oilexisting,7,Generation,0.0
Lithuania,Oilexisting,8,Generation,0.0
Austria,Bioexisting,1,Generation,0.0
Austria,Bioexisting,2,Generation,0.0
Austria,Bioexisting,3,Generation,0.0
Austria,Bioexisting,4,Generation,0.0
Austria,Bioexisting,5,Generation,0.0
Austria,Bioexisting,6,Generation,0.0
Austria,Bioexisting,7,Generation,0.0
Austria,Bioexisting,8,Generation,0.0
BosniaH,Bioexisting,1,Generation,0.0
BosniaH,Bioexisting,2,Generation,0.0
BosniaH,Bioexisting,3,Generation,0.0
BosniaH,Bioexisting,4,Generation,0.0
BosniaH,Bioexisting,5,Generation,0.0
BosniaH,Bioexisting,6,Generation,0.0
BosniaH,Bioexisting,7,Generation,0.0
BosniaH,Bioexisting,8,Generation,0.0
Belgium,Bioexisting,1,Generation,0.0
Belgium,Bioexisting,2,Generation,0.0
Belgium,Bioexisting,3,Generation,0.0
Belgium,Bioexisting,4,Generation,0.0
Belgium,Bioexisting,5,Generation,0.0
Belgium,Bioexisting,6,Generation,0.0
Belgium,Bioexisting,7,Generation,0.0
Belgium,Bioexisting,8,Generation,0.0
Bulgaria,Bioexisting,1,Generation,0.0
Bulgaria,Bioexisting,2,Generation,0.0
Bulgaria,Bioexisting,3,Generation,0.0
Bulgaria,Bioexisting,4,Generation,0.0
Bulgaria,Bioexisting,5,Generation,0.0
Bulgaria,Bioexisting,6,Generation,0.0
Bulgaria,Bioexisting,7,Generation,0.0
Bulgaria,Bioexisting,8,Generation,0.0
Switzerland,Bioexisting,1,Generation,0.0
Switzerland,Bioexisting,2,Generation,0.0
Switzerland,Bioexisting,3,Generation,0.0
Switzerland,Bioexisting,4,Generation,0.0
Switzerland,Bioexisting,5,Generation,0.0
Switzerland,Bioexisting,6,Generation,0.0
Switzerland,Bioexisting,7,Generation,0.0
Switzerland,Bioexisting,8,Generation,0.0
CzechR,Bioexisting,1,Generation,0.0
CzechR,Bioexisting,2,Generation,0.0
CzechR,Bioexisting,3,Generation,0.0
CzechR,Bioexisting,4,Generation,0.0
CzechR,Bioexisting,5,Generation,0.0
CzechR,Bioexisting,6,Generation,0.0
CzechR,Bioexisting,7,Generation,0.0
CzechR,Bioexisting,8,Generation,0.0
Germany,Bioexisting,1,Generation,0.0
Germany,Bioexisting,2,Generation,0.0
Germany,Bioexisting,3,Generation,0.0
Germany,Bioexisting,4,Generation,0.0
Germany,Bioexisting,5,Generation,0.0
Germany,Bioexisting,6,Generation,0.0
Germany,Bioexisting,7,Generation,0.0
Germany,Bioexisting,8,Generation,0.0
Denmark,Bioexisting,1,Generation,0.0
Denmark,Bioexisting,2,Generation,0.0
Denmark,Bioexisting,3,Generation,0.0
Denmark,Bioexisting,4,Generation,0.0
Denmark,Bioexisting,5,Generation,0.0
Denmark,Bioexisting,6,Generation,0.0
Denmark,Bioexisting,7,Generation,0.0
Denmark,Bioexisting,8,Generation,0.0
Estonia,Bioexisting,1,Generation,0.0
Estonia,Bioexisting,2,Generation,0.0
Estonia,Bioexisting,3,Generation,0.0
Estonia,Bioexisting,4,Generation,0.0
Estonia,Bioexisting,5,Generation,0.0
Estonia,Bioexisting,6,Generation,0.0
Estonia,Bioexisting,7,Generation,0.0
Estonia,Bioexisting,8,Generation,0.0
Spain,Bioexisting,1,Generation,0.0
Spain,Bioexisting,2,Generation,0.0
Spain,Bioexisting,3,Generation,0.0
Spain,Bioexisting,4,Generation,0.0
Spain,Bioexisting,5,Generation,0.0
Spain,Bioexisting,6,Generation,0.0
Spain,Bioexisting,7,Generation,0.0
Spain,Bioexisting,8,Generation,0.0
Finland,Bioexisting,1,Generation,0.0
Finland,Bioexisting,2,Generation,0.0
Finland,Bioexisting,3,Generation,0.0
Finland,Bioexisting,4,Generation,0.0
Finland,Bioexisting,5,Generation,0.0
Finland,Bioexisting,6,Generation,0.0
Finland,Bioexisting,7,Generation,0.0
Finland,Bioexisting,8,Generation,0.0
France,Bioexisting,1,Generation,0.0
France,Bioexisting,2,Generation,0.0
France,Bioexisting,3,Generation,0.0
France,Bioexisting,4,Generation,0.0
France,Bioexisting,5,Generation,0.0
France,Bioexisting,6,Generation,0.0
France,Bioexisting,7,Generation,0.0
France,Bioexisting,8,Generation,0.0
GreatBrit.,Bioexisting,1,Generation,0.0
GreatBrit.,Bioexisting,2,Generation,0.0
GreatBrit.,Bioexisting,3,Generation,0.0
GreatBrit.,Bioexisting,4,Generation,0.0
GreatBrit.,Bioexisting,5,Generation,0.0
GreatBrit.,Bioexisting,6,Generation,0.0
GreatBrit.,Bioexisting,7,Generation,0.0
GreatBrit.,Bioexisting,8,Generation,0.0
Greece,Bioexisting,1,Generation,0.0
Greece,Bioexisting,2,Generation,0.0
Greece,Bioexisting,3,Generation,0.0
Greece,Bioexisting,4,Generation,0.0
Greece,Bioexisting,5,Generation,0.0
Greece,Bioexisting,6,Generation,0.0
Greece,Bioexisting,7,Generation,0.0
Greece,Bioexisting,8,Generation,0.0
Hungary,Bioexisting,1,Generation,0.0
Hungary,Bioexisting,2,Generation,0.0
Hungary,Bioexisting,3,Generation,0.0
Hungary,Bioexisting,4,Generation,0.0
Hungary,Bioexisting,5,Generation,0.0
Hungary,Bioexisting,6,Generation,0.0
Hungary,Bioexisting,7,Generation,0.0
Hungary,Bioexisting,8,Generation,0.0
Ireland,Bioexisting,1,Generation,0.0
Ireland,Bioexisting,2,Generation,0.0
Ireland,Bioexisting,3,Generation,0.0
Ireland,Bioexisting,4,Generation,0.0
Ireland,Bioexisting,5,Generation,0.0
Ireland,Bioexisting,6,Generation,0.0
Ireland,Bioexisting,7,Generation,0.0
Ireland,Bioexisting,8,Generation,0.0
Italy,Bioexisting,1,Generation,0.0
Italy,Bioexisting,2,Generation,0.0
Italy,Bioexisting,3,Generation,0.0
Italy,Bioexisting,4,Generation,0.0
Italy,Bioexisting,5,Generation,0.0
Italy,Bioexisting,6,Generation,0.0
Italy,Bioexisting,7,Generation,0.0
Italy,Bioexisting,8,Generation,0.0
Lithuania,Bioexisting,1,Generation,0.0
Lithuania,Bioexisting,2,Generation,0.0
Lithuania,Bioexisting,3,Generation,0.0
Lithuania,Bioexisting,4,Generation,0.0
Lithuania,Bioexisting,5,Generation,0.0
Lithuania,Bioexisting,6,Generation,0.0
Lithuania,Bioexisting,7,Generation,0.0
Lithuania,Bioexisting,8,Generation,0.0
Luxemb.,Bioexisting,1,Generation,0.0
Luxemb.,Bioexisting,2,Generation,0.0
Luxemb.,Bioexisting,3,Generation,0.0
Luxemb.,Bioexisting,4,Generation,0.0
Luxemb.,Bioexisting,5,Generation,0.0
Luxemb.,Bioexisting,6,Generation,0.0
Luxemb.,Bioexisting,7,Generation,0.0
Luxemb.,Bioexisting,8,Generation,0.0
Austria,Bio10cofiring,1,Generation,0.0
Austria,Bio10cofiring,2,Generation,0.0
Austria,Bio10cofiring,3,Generation,0.0
Austria,Bio10cofiring,4,Generation,0.0
Austria,Bio10cofiring,5,Generation,0.0
Austria,Bio10cofiring,6,Generation,0.0
Austria,Bio10cofiring,7,Generation,0.0
Austria,Bio10cofiring,8,Generation,0.0
Belgium,Bio10cofiring,1,Generation,0.0
Belgium,Bio10cofiring,2,Generation,0.0
Belgium,Bio10cofiring,3,Generation,0.0
Belgium,Bio10cofiring,4,Generation,0.0
Belgium,Bio10cofiring,5,Generation,0.0
Belgium,Bio10cofiring,6,Generation,0.0
Belgium,Bio10cofiring,7,Generation,0.0
Belgium,Bio10cofiring,8,Generation,0.0
Bulgaria,Bio10cofiring,1,Generation,0.0
Bulgaria,Bio10cofiring,2,Generation,0.0
Bulgaria,Bio10cofiring,3,Generation,0.0
Bulgaria,Bio10cofiring,4,Generation,0.0
Bulgaria,Bio10cofiring,5,Generation,0.0
Bulgaria,Bio10cofiring,6,Generation,0.0
Bulgaria,Bio10cofiring,7,Generation,0.0
Bulgaria,Bio10cofiring,8,Generation,0.0
Switzerland,Bio10cofiring,1,Generation,0.0
Switzerland,Bio10cofiring,2,Generation,0.0
Switzerland,Bio10cofiring,3,Generation,0.0
Switzerland,Bio10cofiring,4,Generation,0.0
Switzerland,Bio10cofiring,5,Generation,0.0
Switzerland,Bio10cofiring,6,Generation,0.0
Switzerland,Bio10cofiring,7,Generation,0.0
Switzerland,Bio10cofiring,8,Generation,0.0
CzechR,Bio10cofiring,1,Generation,0.0
CzechR,Bio10cofiring,2,Generation,0.0
CzechR,Bio10cofiring,3,Generation,0.0
CzechR,Bio10cofiring,4,Generation,0.0
CzechR,Bio10cofiring,5,Generation,0.0
CzechR,Bio10cofiring,6,Generation,0.0
CzechR,Bio10cofiring,7,Generation,0.0
CzechR,Bio10cofiring,8,Generation,0.0
Germany,Bio10cofiring,1,Generation,0.0
Germany,Bio10cofiring,2,Generation,0.0
Germany,Bio10cofiring,3,Generation,0.0
Germany,Bio10cofiring,4,Generation,0.0
Germany,Bio10cofiring,5,Generation,0.0
Germany,Bio10cofiring,6,Generation,0.0
Germany,Bio10cofiring,7,Generation,0.0
Germany,Bio10cofiring,8,Generation,0.0
Denmark,Bio10cofiring,1,Generation,0.0
Denmark,Bio10cofiring,2,Generation,0.0
Denmark,Bio10cofiring,3,Generation,0.0
Denmark,Bio10cofiring,4,Generation,0.0
Denmark,Bio10cofiring,5,Generation,0.0
Denmark,Bio10cofiring,6,Generation,0.0
Denmark,Bio10cofiring,7,Generation,0.0
Denmark,Bio10cofiring,8,Generation,0.0
Estonia,Bio10cofiring,1,Generation,0.0
Estonia,Bio10cofiring,2,Generation,0.0
Estonia,Bio10cofiring,3,Generation,0.0
Estonia,Bio10cofiring,4,Generation,0.0
Estonia,Bio10cofiring,5,Generation,0.0
Estonia,Bio10cofiring,6,Generation,0.0
Estonia,Bio10cofiring,7,Generation,0.0
Estonia,Bio10cofiring,8,Generation,0.0
Spain,Bio10cofiring,1,Generation,0.0
Spain,Bio10cofiring,2,Generation,0.0
Spain,Bio10cofiring,3,Generation,0.0
Spain,Bio10cofiring,4,Generation,0.0
Spain,Bio10cofiring,5,Generation,0.0
Spain,Bio10cofiring,6,Generation,0.0
Spain,Bio10cofiring,7,Generation,0.0
Spain,Bio10cofiring,8,Generation,0.0
Finland,Bio10cofiring,1,Generation,0.0
Finland,Bio10cofiring,2,Generation,0.0
Finland,Bio10cofiring,3,Generation,0.0
Finland,Bio10cofiring,4,Generation,0.0
Finland,Bio10cofiring,5,Generation,0.0
Finland,Bio10cofiring,6,Generation,0.0
Finland,Bio10cofiring,7,Generation,0.0
Finland,Bio10cofiring,8,Generation,0.0
France,Bio10cofiring,1,Generation,0.0
France,Bio10cofiring,2,Generation,0.0
France,Bio10cofiring,3,Generation,0.0
France,Bio10cofiring,4,Generation,0.0
France,Bio10cofiring,5,Generation,0.0
France,Bio10cofiring,6,Generation,0.0
France,Bio10cofiring,7,Generation,0.0
France,Bio10cofiring,8,Generation,0.0
GreatBrit.,Bio10cofiring,1,Generation,0.0
GreatBrit.,Bio10cofiring,2,Generation,0.0
GreatBrit.,Bio10cofiring,3,Generation,0.0
GreatBrit.,Bio10cofiring,4,Generation,0.0
GreatBrit.,Bio10cofiring,5,Generation,0.0
GreatBrit.,Bio10cofiring,6,Generation,0.0
GreatBrit.,Bio10cofiring,7,Generation,0.0
GreatBrit.,Bio10cofiring,8,Generation,0.0
Greece,Bio10cofiring,1,Generation,0.0
Greece,Bio10cofiring,2,Generation,0.0
Greece,Bio10cofiring,3,Generation,0.0
Greece,Bio10cofiring,4,Generation,0.0
Greece,Bio10cofiring,5,Generation,0.0
Greece,Bio10cofiring,6,Generation,0.0
Greece,Bio10cofiring,7,Generation,0.0
Greece,Bio10cofiring,8,Generation,0.0
Croatia,Bio10cofiring,1,Generation,0.0
Croatia,Bio10cofiring,2,Generation,0.0
Croatia,Bio10cofiring,3,Generation,0.0
Croatia,Bio10cofiring,4,Generation,0.0
Croatia,Bio10cofiring,5,Generation,0.0
Croatia,Bio10cofiring,6,Generation,0.0
Croatia,Bio10cofiring,7,Generation,0.0
Croatia,Bio10cofiring,8,Generation,0.0
Hungary,Bio10cofiring,1,Generation,0.0
Hungary,Bio10cofiring,2,Generation,0.0
Hungary,Bio10cofiring,3,Generation,0.0
Hungary,Bio10cofiring,4,Generation,0.0
Hungary,Bio10cofiring,5,Generation,0.0
Hungary,Bio10cofiring,6,Generation,0.0
Hungary,Bio10cofiring,7,Generation,0.0
Hungary,Bio10cofiring,8,Generation,0.0
Ireland,Bio10cofiring,1,Generation,0.0
Ireland,Bio10cofiring,2,Generation,0.0
Ireland,Bio10cofiring,3,Generation,0.0
Ireland,Bio10cofiring,4,Generation,0.0
Ireland,Bio10cofiring,5,Generation,0.0
Ireland,Bio10cofiring,6,Generation,0.0
Ireland,Bio10cofiring,7,Generation,0.0
Ireland,Bio10cofiring,8,Generation,0.0
Italy,Bio10cofiring,1,Generation,0.0
Italy,Bio10cofiring,2,Generation,0.0
Italy,Bio10cofiring,3,Generation,0.0
Italy,Bio10cofiring,4,Generation,0.0
Italy,Bio10cofiring,5,Generation,0.0
Italy,Bio10cofiring,6,Generation,0.0
Italy,Bio10cofiring,7,Generation,0.0
Italy,Bio10cofiring,8,Generation,0.0
Lithuania,Bio10cofiring,1,Generation,0.0
Lithuania,Bio10cofiring,2,Generation,0.0
Lithuania,Bio10cofiring,3,Generation,0.0
Lithuania,Bio10cofiring,4,Generation,0.0
Lithuania,Bio10cofiring,5,Generation,0.0
Lithuania,Bio10cofiring,6,Generation,0.0
Lithuania,Bio10cofiring,7,Generation,0.0
Lithuania,Bio10cofiring,8,Generation,0.0
Luxemb.,Bio10cofiring,1,Generation,0.0
Luxemb.,Bio10cofiring,2,Generation,0.0
Luxemb.,Bio10cofiring,3,Generation,0.0
Luxemb.,Bio10cofiring,4,Generation,0.0
Luxemb.,Bio10cofiring,5,Generation,0.0
Luxemb.,Bio10cofiring,6,Generation,0.0
Luxemb.,Bio10cofiring,7,Generation,0.0
Luxemb.,Bio10cofiring,8,Generation,0.0
Belgium,Nuclear,1,Generation,0.0
Belgium,Nuclear,2,Generation,0.0
Belgium,Nuclear,3,Generation,0.0
Belgium,Nuclear,4,Generation,0.0
Belgium,Nuclear,5,Generation,0.0
Belgium,Nuclear,6,Generation,0.0
Belgium,Nuclear,7,Generation,0.0
Belgium,Nuclear,8,Generation,0.0
Bulgaria,Nuclear,1,Generation,0.0
Bulgaria,Nuclear,2,Generation,94.06457571338433
Bulgaria,Nuclear,3,Generation,791.6497100009015
Bulgaria,Nuclear,4,Generation,0.0
Bulgaria,Nuclear,5,Generation,0.0
Bulgaria,Nuclear,6,Generation,0.0
Bulgaria,Nuclear,7,Generation,0.0
Bulgaria,Nuclear,8,Generation,0.0
Switzerland,Nuclear,1,Generation,0.0
Switzerland,Nuclear,2,Generation,0.0
Switzerland,Nuclear,3,Generation,0.0
Switzerland,Nuclear,4,Generation,0.0
Switzerland,Nuclear,5,Generation,0.0
Switzerland,Nuclear,6,Generation,0.0
Switzerland,Nuclear,7,Generation,0.0
Switzerland,Nuclear,8,Generation,0.0
CzechR,Nuclear,1,Generation,100.0
CzechR,Nuclear,2,Generation,0.0
CzechR,Nuclear,3,Generation,1342.494411818554
CzechR,Nuclear,4,Generation,0.0
CzechR,Nuclear,5,Generation,0.0
CzechR,Nuclear,6,Generation,0.0
CzechR,Nuclear,7,Generation,2697.505588181446
CzechR,Nuclear,8,Generation,0.0
Germany,Nuclear,1,Generation,0.0
Germany,Nuclear,2,Generation,0.0
Germany,Nuclear,3,Generation,0.0
Germany,Nuclear,4,Generation,0.0
Germany,Nuclear,5,Generation,0.0
Germany,Nuclear,6,Generation,0.0
Germany,Nuclear,7,Generation,0.0
Germany,Nuclear,8,Generation,0.0
Spain,Nuclear,1,Generation,3.0
Spain,Nuclear,2,Generation,0.0
Spain,Nuclear,3,Generation,0.0
Spain,Nuclear,4,Generation,0.0
Spain,Nuclear,5,Generation,5083.571428571428
Spain,Nuclear,6,Generation,1016.7142857142853
Spain,Nuclear,7,Generation,1016.7142857142862
Spain,Nuclear,8,Generation,0.0
Finland,Nuclear,1,Generation,2715.0
Finland,Nuclear,2,Generation,795.7142857142858
Finland,Nuclear,3,Generation,397.85714285714266
Finland,Nuclear,4,Generation,397.8571428571431
Finland,Nuclear,5,Generation,397.8571428571431
Finland,Nuclear,6,Generation,0.0
Finland,Nuclear,7,Generation,0.0
Finland,Nuclear,8,Generation,795.7142857142853
France,Nuclear,1,Generation,0.0
France,Nuclear,2,Generation,0.0
France,Nuclear,3,Generation,0.0
France,Nuclear,4,Generation,0.0
France,Nuclear,5,Generation,0.0
France,Nuclear,6,Generation,0.0
France,Nuclear,7,Generation,0.0
France,Nuclear,8,Generation,0.0
GreatBrit.,Nuclear,1,Generation,0.0
GreatBrit.,Nuclear,2,Generation,0.0
GreatBrit.,Nuclear,3,Generation,0.0
GreatBrit.,Nuclear,4,Generation,626.2857142857142
GreatBrit.,Nuclear,5,Generation,1308.571428571429
GreatBrit.,Nuclear,6,Generation,0.0
GreatBrit.,Nuclear,7,Generation,0.0
GreatBrit.,Nuclear,8,Generation,0.0
Hungary,Nuclear,1,Generation,0.0
Hungary,Nuclear,2,Generation,0.0
Hungary,Nuclear,3,Generation,0.0
Hungary,Nuclear,4,Generation,0.0
Hungary,Nuclear,5,Generation,0.0
Hungary,Nuclear,6,Generation,0.0
Hungary,Nuclear,7,Generation,0.0
Hungary,Nuclear,8,Generation,4108.0
Lithuania,Nuclear,1,Generation,0.0
Lithuania,Nuclear,2,Generation,0.0
Lithuania,Nuclear,3,Generation,1303.0
Lithuania,Nuclear,4,Generation,0.0
Lithuania,Nuclear,5,Generation,0.0
Lithuania,Nuclear,6,Generation,0.0
Lithuania,Nuclear,7,Generation,0.0
Lithuania,Nuclear,8,Generation,0.0
Finland,Wave,1,Generation,0.0
Finland,Wave,2,Generation,0.0
Finland,Wave,3,Generation,0.0
Finland,Wave,4,Generation,0.0
Finland,Wave,5,Generation,0.0
Finland,Wave,6,Generation,0.0
Finland,Wave,7,Generation,0.0
Finland,Wave,8,Generation,12.0
France,Wave,1,Generation,0.0
France,Wave,2,Generation,0.0
France,Wave,3,Generation,0.0
France,Wave,4,Generation,0.0
France,Wave,5,Generation,0.0
France,Wave,6,Generation,210.0
France,Wave,7,Generation,0.0
France,Wave,8,Generation,0.0
GreatBrit.,Wave,1,Generation,0.0
GreatBrit.,Wave,2,Generation,0.0
GreatBrit.,Wave,3,Generation,0.0
GreatBrit.,Wave,4,Generation,0.0
GreatBrit.,Wave,5,Generation,1500.0
GreatBrit.,Wave,6,Generation,0.0
GreatBrit.,Wave,7,Generation,0.0
GreatBrit.,Wave,8,Generation,0.0
Ireland,Wave,1,Generation,0.0
Ireland,Wave,2,Generation,90.0
Ireland,Wave,3,Generation,0.0
Ireland,Wave,4,Generation,0.0
Ireland,Wave,5,Generation,0.0
Ireland,Wave,6,Generation,0.0
Ireland,Wave,7,Generation,0.0
Ireland,Wave,8,Generation,0.0
Austria,Geo,1,Generation,0.0
Austria,Geo,2,Generation,0.0
Austria,Geo,3,Generation,0.0
Austria,Geo,4,Generation,0.0
Austria,Geo,5,Generation,0.0
Austria,Geo,6,Generation,0.0
Austria,Geo,7,Generation,0.0
Austria,Geo,8,Generation,0.0
CzechR,Geo,1,Generation,4.4
CzechR,Geo,2,Generation,0.0
CzechR,Geo,3,Generation,0.0
CzechR,Geo,4,Generation,0.0
CzechR,Geo,5,Generation,0.0
CzechR,Geo,6,Generation,0.0
CzechR,Geo,7,Generation,4.4
CzechR,Geo,8,Generation,0.0
Germany,Geo,1,Generation,258.0
Germany,Geo,2,Generation,0.0
Germany,Geo,3,Generation,0.0
Germany,Geo,4,Generation,0.0
Germany,Geo,5,Generation,0.0
Germany,Geo,6,Generation,0.0
Germany,Geo,7,Generation,258.0
Germany,Geo,8,Generation,0.0
France,Geo,1,Generation,0.0
France,Geo,2,Generation,80.0
France,Geo,3,Generation,0.0
France,Geo,4,Generation,0.0
France,Geo,5,Generation,0.0
France,Geo,6,Generation,0.0
France,Geo,7,Generation,0.0
France,Geo,8,Generation,0.0
Greece,Geo,1,Generation,0.0
Greece,Geo,2,Generation,120.0
Greece,Geo,3,Generation,0.0
Greece,Geo,4,Generation,0.0
Greece,Geo,5,Generation,0.0
Greece,Geo,6,Generation,0.0
Greece,Geo,7,Generation,0.0
Greece,Geo,8,Generation,0.0
Hungary,Geo,1,Generation,0.0
Hungary,Geo,2,Generation,57.0
Hungary,Geo,3,Generation,0.0
Hungary,Geo,4,Generation,0.0
Hungary,Geo,5,Generation,0.0
Hungary,Geo,6,Generation,0.0
Hungary,Geo,7,Generation,0.0
Hungary,Geo,8,Generation,0.0
Italy,Geo,1,Generation,0.0
Italy,Geo,2,Generation,38.0
Italy,Geo,3,Generation,0.0
Italy,Geo,4,Generation,0.0
Italy,Geo,5,Generation,0.0
Italy,Geo,6,Generation,0.0
Italy,Geo,7,Generation,0.0
Italy,Geo,8,Generation,0.0
Austria,Hydroregulated,1,Generation,0.0
Austria,Hydroregulated,2,Generation,0.0
Austria,Hydroregulated,3,Generation,0.0
Austria,Hydroregulated,4,Generation,312.30931183087796
Austria,Hydroregulated,5,Generation,0.0
Austria,Hydroregulated,6,Generation,0.0
Austria,Hydroregulated,7,Generation,0.0
Austria,Hydroregulated,8,Generation,0.0
BosniaH,Hydroregulated,1,Generation,0.0
BosniaH,Hydroregulated,2,Generation,0.0
BosniaH,Hydroregulated,3,Generation,0.0
BosniaH,Hydroregulated,4,Generation,0.0
BosniaH,Hydroregulated,5,Generation,0.0
BosniaH,Hydroregulated,6,Generation,0.0
BosniaH,Hydroregulated,7,Generation,0.0
BosniaH,Hydroregulated,8,Generation,0.0
Bulgaria,Hydroregulated,1,Generation,0.0
Bulgaria,Hydroregulated,2,Generation,0.0
Bulgaria,Hydroregulated,3,Generation,0.0
Bulgaria,Hydroregulated,4,Generation,0.0
Bulgaria,Hydroregulated,5,Generation,0.0
Bulgaria,Hydroregulated,6,Generation,0.0
Bulgaria,Hydroregulated,7,Generation,0.0
Bulgaria,Hydroregulated,8,Generation,0.0
Switzerland,Hydroregulated,1,Generation,0.0
Switzerland,Hydroregulated,2,Generation,0.0
Switzerland,Hydroregulated,3,Generation,0.0
Switzerland,Hydroregulated,4,Generation,530.3641633320221
Switzerland,Hydroregulated,5,Generation,3331.635836667978
Switzerland,Hydroregulated,6,Generation,0.0
Switzerland,Hydroregulated,7,Generation,0.0
Switzerland,Hydroregulated,8,Generation,0.0
CzechR,Hydroregulated,1,Generation,0.0
CzechR,Hydroregulated,2,Generation,545.5227272727273
CzechR,Hydroregulated,3,Generation,0.0
CzechR,Hydroregulated,4,Generation,0.0
CzechR,Hydroregulated,5,Generation,0.0
CzechR,Hydroregulated,6,Generation,0.0
CzechR,Hydroregulated,7,Generation,0.0
CzechR,Hydroregulated,8,Generation,0.0
Germany,Hydroregulated,1,Generation,0.0
Germany,Hydroregulated,2,Generation,0.0
Germany,Hydroregulated,3,Generation,0.0
Germany,Hydroregulated,4,Generation,0.0
Germany,Hydroregulated,5,Generation,0.0
Germany,Hydroregulated,6,Generation,0.0
Germany,Hydroregulated,7,Generation,0.0
Germany,Hydroregulated,8,Generation,0.0
Spain,Hydroregulated,1,Generation,0.0
Spain,Hydroregulated,2,Generation,0.0
Spain,Hydroregulated,3,Generation,0.0
Spain,Hydroregulated,4,Generation,3667.3750220012716
Spain,Hydroregulated,5,Generation,3098.4602004837343
Spain,Hydroregulated,6,Generation,9784.546608457633
Spain,Hydroregulated,7,Generation,0.0
Spain,Hydroregulated,8,Generation,8508.117189029115
France,Hydroregulated,1,Generation,0.0
France,Hydroregulated,2,Generation,0.0
France,Hydroregulated,3,Generation,0.0
France,Hydroregulated,4,Generation,0.0
France,Hydroregulated,5,Generation,8062.039781758492
France,Hydroregulated,6,Generation,12649.616156140877
France,Hydroregulated,7,Generation,0.0
France,Hydroregulated,8,Generation,0.0
GreatBrit.,Hydroregulated,1,Generation,7133.0
GreatBrit.,Hydroregulated,2,Generation,0.0
GreatBrit.,Hydroregulated,3,Generation,0.0
GreatBrit.,Hydroregulated,4,Generation,0.0
GreatBrit.,Hydroregulated,5,Generation,0.0
GreatBrit.,Hydroregulated,6,Generation,0.0
GreatBrit.,Hydroregulated,7,Generation,0.0
GreatBrit.,Hydroregulated,8,Generation,0.0
Greece,Hydroregulated,1,Generation,0.0
Greece,Hydroregulated,2,Generation,600.5
Greece,Hydroregulated,3,Generation,0.0
Greece,Hydroregulated,4,Generation,0.0
Greece,Hydroregulated,5,Generation,0.0
Greece,Hydroregulated,6,Generation,0.0
Greece,Hydroregulated,7,Generation,0.0
Greece,Hydroregulated,8,Generation,0.0
Hungary,Hydroregulated,1,Generation,0.0
Hungary,Hydroregulated,2,Generation,0.0
Hungary,Hydroregulated,3,Generation,0.0
Hungary,Hydroregulated,4,Generation,0.0
Hungary,Hydroregulated,5,Generation,0.0
Hungary,Hydroregulated,6,Generation,0.0
Hungary,Hydroregulated,7,Generation,0.0
Hungary,Hydroregulated,8,Generation,0.0
Croatia,Hydroregulated,1,Generation,0.0
Croatia,Hydroregulated,2,Generation,0.0
Croatia,Hydroregulated,3,Generation,0.0
Croatia,Hydroregulated,4,Generation,0.0
Croatia,Hydroregulated,5,Generation,0.0
Croatia,Hydroregulated,6,Generation,0.0
Croatia,Hydroregulated,7,Generation,19.0
Croatia,Hydroregulated,8,Generation,0.0
Italy,Hydroregulated,1,Generation,0.0
Italy,Hydroregulated,2,Generation,0.0
Italy,Hydroregulated,3,Generation,0.0
Italy,Hydroregulated,4,Generation,0.0
Italy,Hydroregulated,5,Generation,0.0
Italy,Hydroregulated,6,Generation,0.0
Italy,Hydroregulated,7,Generation,0.0
Italy,Hydroregulated,8,Generation,0.0
Luxemb.,Hydroregulated,1,Generation,0.0
Luxemb.,Hydroregulated,2,Generation,0.0
Luxemb.,Hydroregulated,3,Generation,0.0
Luxemb.,Hydroregulated,4,Generation,0.0
Luxemb.,Hydroregulated,5,Generation,0.0
Luxemb.,Hydroregulated,6,Generation,0.0
Luxemb.,Hydroregulated,7,Generation,0.0
Luxemb.,Hydroregulated,8,Generation,0.0
Austria,Hydrorun-of-the-river,1,Generation,0.0
Austria,Hydrorun-of-the-river,2,Generation,0.0
Austria,Hydrorun-of-the-river,3,Generation,0.0
Austria,Hydrorun-of-the-river,4,Generation,5511.299999999999
Austria,Hydrorun-of-the-river,5,Generation,0.0
Austria,Hydrorun-of-the-river,6,Generation,0.0
Austria,Hydrorun-of-the-river,7,Generation,0.0
Austria,Hydrorun-of-the-river,8,Generation,0.0
Belgium,Hydrorun-of-the-river,1,Generation,237.3
Belgium,Hydrorun-of-the-river,2,Generation,0.0
Belgium,Hydrorun-of-the-river,3,Generation,0.0
Belgium,Hydrorun-of-the-river,4,Generation,0.0
Belgium,Hydrorun-of-the-river,5,Generation,0.0
Belgium,Hydrorun-of-the-river,6,Generation,0.0
Belgium,Hydrorun-of-the-river,7,Generation,0.0
Belgium,Hydrorun-of-the-river,8,Generation,0.0
Bulgaria,Hydrorun-of-the-river,1,Generation,0.0
Bulgaria,Hydrorun-of-the-river,2,Generation,0.0
Bulgaria,Hydrorun-of-the-river,3,Generation,0.0
Bulgaria,Hydrorun-of-the-river,4,Generation,0.0
Bulgaria,Hydrorun-of-the-river,5,Generation,0.0
Bulgaria,Hydrorun-of-the-river,6,Generation,0.0
Bulgaria,Hydrorun-of-the-river,7,Generation,0.0
Bulgaria,Hydrorun-of-the-river,8,Generation,0.0
Switzerland,Hydrorun-of-the-river,1,Generation,0.0
Switzerland,Hydrorun-of-the-river,2,Generation,0.0
Switzerland,Hydrorun-of-the-river,3,Generation,0.0
Switzerland,Hydrorun-of-the-river,4,Generation,0.0
Switzerland,Hydrorun-of-the-river,5,Generation,0.0
Switzerland,Hydrorun-of-the-river,6,Generation,0.0
Switzerland,Hydrorun-of-the-river,7,Generation,0.0
Switzerland,Hydrorun-of-the-river,8,Generation,3074.0
CzechR,Hydrorun-of-the-river,1,Generation,125.47727272727275
CzechR,Hydrorun-of-the-river,2,Generation,0.0
CzechR,Hydrorun-of-the-river,3,Generation,0.0
CzechR,Hydrorun-of-the-river,4,Generation,0.0
CzechR,Hydrorun-of-the-river,5,Generation,0.0
CzechR,Hydrorun-of-the-river,6,Generation,0.0
CzechR,Hydrorun-of-the-river,7,Generation,0.0
CzechR,Hydrorun-of-the-river,8,Generation,0.0
Germany,Hydrorun-of-the-river,1,Generation,0.0
Germany,Hydrorun-of-the-river,2,Generation,0.0
Germany,Hydrorun-of-the-river,3,Generation,0.0
Germany,Hydrorun-of-the-river,4,Generation,370.3590114827766
Germany,Hydrorun-of-the-river,5,Generation,0.0
Germany,Hydrorun-of-the-river,6,Generation,0.0
Germany,Hydrorun-of-the-river,7,Generation,0.0
Germany,Hydrorun-of-the-river,8,Generation,0.0
Denmark,Hydrorun-of-the-river,1,Generation,0.0
Denmark,Hydrorun-of-the-river,2,Generation,0.0
Denmark,Hydrorun-of-the-river,3,Generation,0.0
Denmark,Hydrorun-of-the-river,4,Generation,0.0
Denmark,Hydrorun-of-the-river,5,Generation,0.0
Denmark,Hydrorun-of-the-river,6,Generation,0.0
Denmark,Hydrorun-of-the-river,7,Generation,0.0
Denmark,Hydrorun-of-the-river,8,Generation,0.0
Estonia,Hydrorun-of-the-river,1,Generation,0.0
Estonia,Hydrorun-of-the-river,2,Generation,0.0
Estonia,Hydrorun-of-the-river,3,Generation,0.0
Estonia,Hydrorun-of-the-river,4,Generation,0.0
Estonia,Hydrorun-of-the-river,5,Generation,0.0
Estonia,Hydrorun-of-the-river,6,Generation,0.0
Estonia,Hydrorun-of-the-river,7,Generation,0.0
Estonia,Hydrorun-of-the-river,8,Generation,0.0
Spain,Hydrorun-of-the-river,1,Generation,0.0
Spain,Hydrorun-of-the-river,2,Generation,0.0
Spain,Hydrorun-of-the-river,3,Generation,0.0
Spain,Hydrorun-of-the-river,4,Generation,7576.080261230469
Spain,Hydrorun-of-the-river,5,Generation,0.0
Spain,Hydrorun-of-the-river,6,Generation,0.0
Spain,Hydrorun-of-the-river,7,Generation,0.0
Spain,Hydrorun-of-the-river,8,Generation,0.0
Finland,Hydrorun-of-the-river,1,Generation,0.0
Finland,Hydrorun-of-the-river,2,Generation,0.0
Finland,Hydrorun-of-the-river,3,Generation,0.0
Finland,Hydrorun-of-the-river,4,Generation,0.0
Finland,Hydrorun-of-the-river,5,Generation,0.0
Finland,Hydrorun-of-the-river,6,Generation,0.0
Finland,Hydrorun-of-the-river,7,Generation,0.0
Finland,Hydrorun-of-the-river,8,Generation,0.0
France,Hydrorun-of-the-river,1,Generation,0.0
France,Hydrorun-of-the-river,2,Generation,0.0
France,Hydrorun-of-the-river,3,Generation,0.0
France,Hydrorun-of-the-river,4,Generation,0.0
France,Hydrorun-of-the-river,5,Generation,0.0
France,Hydrorun-of-the-river,6,Generation,0.0
France,Hydrorun-of-the-river,7,Generation,0.0
France,Hydrorun-of-the-river,8,Generation,0.0
Greece,Hydrorun-of-the-river,1,Generation,1345.0
Greece,Hydrorun-of-the-river,2,Generation,0.0
Greece,Hydrorun-of-the-river,3,Generation,0.0
Greece,Hydrorun-of-the-river,4,Generation,0.0
Greece,Hydrorun-of-the-river,5,Generation,0.0
Greece,Hydrorun-of-the-river,6,Generation,0.0
Greece,Hydrorun-of-the-river,7,Generation,0.0
Greece,Hydrorun-of-the-river,8,Generation,0.0
Hungary,Hydrorun-of-the-river,1,Generation,0.0
Hungary,Hydrorun-of-the-river,2,Generation,0.0
Hungary,Hydrorun-of-the-river,3,Generation,0.0
Hungary,Hydrorun-of-the-river,4,Generation,0.0
Hungary,Hydrorun-of-the-river,5,Generation,0.0
Hungary,Hydrorun-of-the-river,6,Generation,0.0
Hungary,Hydrorun-of-the-river,7,Generation,166.0
Hungary,Hydrorun-of-the-river,8,Generation,0.0
Ireland,Hydrorun-of-the-river,1,Generation,0.0
Ireland,Hydrorun-of-the-river,2,Generation,0.0
Ireland,Hydrorun-of-the-river,3,Generation,0.0
Ireland,Hydrorun-of-the-river,4,Generation,0.0
Ireland,Hydrorun-of-the-river,5,Generation,0.0
Ireland,Hydrorun-of-the-river,6,Generation,0.0
Ireland,Hydrorun-of-the-river,7,Generation,0.0
Ireland,Hydrorun-of-the-river,8,Generation,0.0
Italy,Hydrorun-of-the-river,1,Generation,0.0
Italy,Hydrorun-of-the-river,2,Generation,0.0
Italy,Hydrorun-of-the-river,3,Generation,0.0
Italy,Hydrorun-of-the-river,4,Generation,0.0
Italy,Hydrorun-of-the-river,5,Generation,0.0
Italy,Hydrorun-of-the-river,6,Generation,0.0
Italy,Hydrorun-of-the-river,7,Generation,0.0
Italy,Hydrorun-of-the-river,8,Generation,0.0
Luxemb.,Hydrorun-of-the-river,1,Generation,0.0
Luxemb.,Hydrorun-of-the-river,2,Generation,0.0
Luxemb.,Hydrorun-of-the-river,3,Generation,0.0
Luxemb.,Hydrorun-of-the-river,4,Generation,0.0
Luxemb.,Hydrorun-of-the-river,5,Generation,0.0
Luxemb.,Hydrorun-of-the-river,6,Generation,0.0
Luxemb.,Hydrorun-of-the-river,7,Generation,0.0
Luxemb.,Hydrorun-of-the-river,8,Generation,0.0
Austria,Bio,1,Generation,0.0
Austria,Bio,2,Generation,0.0
Austria,Bio,3,Generation,0.0
Austria,Bio,4,Generation,0.0
Austria,Bio,5,Generation,978.7211708246989
Austria,Bio,6,Generation,0.0
Austria,Bio,7,Generation,0.0
Austria,Bio,8,Generation,3851.991521486071
BosniaH,Bio,1,Generation,0.0
BosniaH,Bio,2,Generation,0.0
BosniaH,Bio,3,Generation,0.0
BosniaH,Bio,4,Generation,0.0
BosniaH,Bio,5,Generation,0.0
BosniaH,Bio,6,Generation,0.0
BosniaH,Bio,7,Generation,0.0
BosniaH,Bio,8,Generation,0.0
Belgium,Bio,1,Generation,0.0
Belgium,Bio,2,Generation,548.9303204397364
Belgium,Bio,3,Generation,1084.2821593356944
Belgium,Bio,4,Generation,3999.916612654299
Belgium,Bio,5,Generation,2509.437795830086
Belgium,Bio,6,Generation,0.0
Belgium,Bio,7,Generation,5081.056307904237
Belgium,Bio,8,Generation,5863.123780943741
Bulgaria,Bio,1,Generation,0.0
Bulgaria,Bio,2,Generation,0.0
Bulgaria,Bio,3,Generation,0.0
Bulgaria,Bio,4,Generation,913.5070760032203
Bulgaria,Bio,5,Generation,0.0
Bulgaria,Bio,6,Generation,0.0
Bulgaria,Bio,7,Generation,0.0
Bulgaria,Bio,8,Generation,0.0
Switzerland,Bio,1,Generation,0.0
Switzerland,Bio,2,Generation,0.0
Switzerland,Bio,3,Generation,0.0
Switzerland,Bio,4,Generation,0.0
Switzerland,Bio,5,Generation,0.0
Switzerland,Bio,6,Generation,0.0
Switzerland,Bio,7,Generation,0.0
Switzerland,Bio,8,Generation,0.0
CzechR,Bio,1,Generation,0.0
CzechR,Bio,2,Generation,0.0
CzechR,Bio,3,Generation,0.0
CzechR,Bio,4,Generation,0.0
CzechR,Bio,5,Generation,0.0
CzechR,Bio,6,Generation,348.8398158195684
CzechR,Bio,7,Generation,0.0
CzechR,Bio,8,Generation,4733.610585207535
Germany,Bio,1,Generation,0.0
Germany,Bio,2,Generation,5260.556607768162
Germany,Bio,3,Generation,10533.34970374469
Germany,Bio,4,Generation,15362.176024509976
Germany,Bio,5,Generation,11541.02349894815
Germany,Bio,6,Generation,0.0
Germany,Bio,7,Generation,14223.433148736603
Germany,Bio,8,Generation,25358.235622600205
Spain,Bio,1,Generation,0.0
Spain,Bio,2,Generation,0.0
Spain,Bio,3,Generation,0.0
Spain,Bio,4,Generation,0.0
Spain,Bio,5,Generation,0.0
Spain,Bio,6,Generation,0.0
Spain,Bio,7,Generation,4133.8202676357605
Spain,Bio,8,Generation,0.0
France,Bio,1,Generation,0.0
France,Bio,2,Generation,0.0
France,Bio,3,Generation,8822.337968350199
France,Bio,4,Generation,6460.187886482952
France,Bio,5,Generation,7929.763837174709
France,Bio,6,Generation,0.0
France,Bio,7,Generation,30940.847412263585
France,Bio,8,Generation,0.0
GreatBrit.,Bio,1,Generation,5809.728605832699
GreatBrit.,Bio,2,Generation,7531.707845146477
GreatBrit.,Bio,3,Generation,5212.744558973869
GreatBrit.,Bio,4,Generation,0.0
GreatBrit.,Bio,5,Generation,5899.563965402489
GreatBrit.,Bio,6,Generation,0.0
GreatBrit.,Bio,7,Generation,18522.381908473224
GreatBrit.,Bio,8,Generation,16789.11042654855
Greece,Bio,1,Generation,0.0
Greece,Bio,2,Generation,0.0
Greece,Bio,3,Generation,170.83933654590385
Greece,Bio,4,Generation,1241.4872360665559
Greece,Bio,5,Generation,1111.1588015897782
Greece,Bio,6,Generation,1625.1542880216102
Greece,Bio,7,Generation,1751.536449606945
Greece,Bio,8,Generation,1415.5709336405134
Croatia,Bio,1,Generation,0.0
Croatia,Bio,2,Generation,0.0
Croatia,Bio,3,Generation,0.0
Croatia,Bio,4,Generation,0.0
Croatia,Bio,5,Generation,0.0
Croatia,Bio,6,Generation,0.0
Croatia,Bio,7,Generation,40.198810170386075
Croatia,Bio,8,Generation,1161.8595294670442
Hungary,Bio,1,Generation,812.705764630483
Hungary,Bio,2,Generation,726.9066200617405
Hungary,Bio,3,Generation,192.4324341698907
Hungary,Bio,4,Generation,858.7162139479633
Hungary,Bio,5,Generation,778.1030171892639
Hungary,Bio,6,Generation,0.0
Hungary,Bio,7,Generation,0.0
Hungary,Bio,8,Generation,0.0
Ireland,Bio,1,Generation,0.0
Ireland,Bio,2,Generation,0.0
Ireland,Bio,3,Generation,129.34899829927926
Ireland,Bio,4,Generation,2252.6095070378915
Ireland,Bio,5,Generation,389.7813969397894
Ireland,Bio,6,Generation,1467.2806228352924
Ireland,Bio,7,Generation,1438.857758544007
Ireland,Bio,8,Generation,587.1952336170848
Italy,Bio,1,Generation,0.0
Italy,Bio,2,Generation,0.0
Italy,Bio,3,Generation,0.0
Italy,Bio,4,Generation,15821.255772266766
Italy,Bio,5,Generation,0.0
Italy,Bio,6,Generation,4158.659985983493
Italy,Bio,7,Generation,4368.628457419443
Italy,Bio,8,Generation,20543.29837031883
Lithuania,Bio,1,Generation,303.5236180326485
Lithuania,Bio,2,Generation,0.0
Lithuania,Bio,3,Generation,0.0
Lithuania,Bio,4,Generation,0.0
Lithuania,Bio,5,Generation,0.0
Lithuania,Bio,6,Generation,0.0
Lithuania,Bio,7,Generation,0.0
Lithuania,Bio,8,Generation,245.50838394955406
Luxemb.,Bio,1,Generation,220.2084798521695
Luxemb.,Bio,2,Generation,59.20162943477635
Luxemb.,Bio,3,Generation,278.56127366903684
Luxemb.,Bio,4,Generation,34.52993363923065
Luxemb.,Bio,5,Generation,161.62699866751836
Luxemb.,Bio,6,Generation,24.52357278019997
Luxemb.,Bio,7,Generation,967.5364306704427
Luxemb.,Bio,8,Generation,0.0
Austria,Windonshore,1,Generation,0.0
Austria,Windonshore,2,Generation,0.0
Austria,Windonshore,3,Generation,0.0
Austria,Windonshore,4,Generation,0.0
Austria,Windonshore,5,Generation,2799.6360010232065
Austria,Windonshore,6,Generation,3112.8785220047484
Austria,Windonshore,7,Generation,13389.485476972046
Austria,Windonshore,8,Generation,0.0
BosniaH,Windonshore,1,Generation,277.0
BosniaH,Windonshore,2,Generation,0.0
BosniaH,Windonshore,3,Generation,0.0
BosniaH,Windonshore,4,Generation,0.0
BosniaH,Windonshore,5,Generation,242.22096891227613
BosniaH,Windonshore,6,Generation,0.0
BosniaH,Windonshore,7,Generation,0.0
BosniaH,Windonshore,8,Generation,742.3654553990011
Belgium,Windonshore,1,Generation,0.0
Belgium,Windonshore,2,Generation,0.0
Belgium,Windonshore,3,Generation,0.0
Belgium,Windonshore,4,Generation,0.0
Belgium,Windonshore,5,Generation,0.0
Belgium,Windonshore,6,Generation,0.0
Belgium,Windonshore,7,Generation,0.0
Belgium,Windonshore,8,Generation,0.0
Bulgaria,Windonshore,1,Generation,0.0
Bulgaria,Windonshore,2,Generation,0.0
Bulgaria,Windonshore,3,Generation,0.0
Bulgaria,Windonshore,4,Generation,263.5934202209761
Bulgaria,Windonshore,5,Generation,2140.8023837547566
Bulgaria,Windonshore,6,Generation,1919.502088341258
Bulgaria,Windonshore,7,Generation,4960.8135174268555
Bulgaria,Windonshore,8,Generation,0.0
Switzerland,Windonshore,1,Generation,0.0
Switzerland,Windonshore,2,Generation,0.0
Switzerland,Windonshore,3,Generation,1925.0
Switzerland,Windonshore,4,Generation,0.0
Switzerland,Windonshore,5,Generation,0.0
Switzerland,Windonshore,6,Generation,37.5
Switzerland,Windonshore,7,Generation,37.5
Switzerland,Windonshore,8,Generation,1925.0
CzechR,Windonshore,1,Generation,4433.122727272727
CzechR,Windonshore,2,Generation,716.46170623941
CzechR,Windonshore,3,Generation,1164.2701879842552
CzechR,Windonshore,4,Generation,5297.132080696879
CzechR,Windonshore,5,Generation,21765.013297806727
CzechR,Windonshore,6,Generation,4591.1227272727265
CzechR,Windonshore,7,Generation,874.46170623941
CzechR,Windonshore,8,Generation,0.0
Germany,Windonshore,1,Generation,0.0
Germany,Windonshore,2,Generation,0.0
Germany,Windonshore,3,Generation,0.0
Germany,Windonshore,4,Generation,0.0
Germany,Windonshore,5,Generation,0.0
Germany,Windonshore,6,Generation,77800.32359475379
Germany,Windonshore,7,Generation,21474.048457954967
Germany,Windonshore,8,Generation,0.0
Denmark,Windonshore,1,Generation,1794.0
Denmark,Windonshore,2,Generation,2370.356398002366
Denmark,Windonshore,3,Generation,0.0
Denmark,Windonshore,4,Generation,946.0532870460746
Denmark,Windonshore,5,Generation,0.0
Denmark,Windonshore,6,Generation,0.0
Denmark,Windonshore,7,Generation,0.0
Denmark,Windonshore,8,Generation,15053.946712953926
Estonia,Windonshore,1,Generation,0.0
Estonia,Windonshore,2,Generation,0.0
Estonia,Windonshore,3,Generation,0.0
Estonia,Windonshore,4,Generation,0.0
Estonia,Windonshore,5,Generation,1504.0906567406482
Estonia,Windonshore,6,Generation,0.0
Estonia,Windonshore,7,Generation,0.0
Estonia,Windonshore,8,Generation,0.0
Spain,Windonshore,1,Generation,0.0
Spain,Windonshore,2,Generation,0.0
Spain,Windonshore,3,Generation,0.0
Spain,Windonshore,4,Generation,0.0
Spain,Windonshore,5,Generation,0.0
Spain,Windonshore,6,Generation,0.0
Spain,Windonshore,7,Generation,14092.192635009465
Spain,Windonshore,8,Generation,0.0
Finland,Windonshore,1,Generation,0.0
Finland,Windonshore,2,Generation,0.0
Finland,Windonshore,3,Generation,2685.3302910102893
Finland,Windonshore,4,Generation,2568.8042900837618
Finland,Windonshore,5,Generation,14525.86355705915
Finland,Windonshore,6,Generation,5230.610564687413
Finland,Windonshore,7,Generation,0.0
Finland,Windonshore,8,Generation,7674.721588169675
France,Windonshore,1,Generation,0.0
France,Windonshore,2,Generation,0.0
France,Windonshore,3,Generation,1673.6554606563695
France,Windonshore,4,Generation,32346.660095324118
France,Windonshore,5,Generation,491.222660987416
France,Windonshore,6,Generation,0.0
France,Windonshore,7,Generation,0.0
France,Windonshore,8,Generation,0.0
GreatBrit.,Windonshore,1,Generation,0.0
GreatBrit.,Windonshore,2,Generation,0.0
GreatBrit.,Windonshore,3,Generation,7627.689874189975
GreatBrit.,Windonshore,4,Generation,25296.642622814903
GreatBrit.,Windonshore,5,Generation,0.0
GreatBrit.,Windonshore,6,Generation,36981.667502995115
GreatBrit.,Windonshore,7,Generation,6802.0
GreatBrit.,Windonshore,8,Generation,7627.689874189979
Greece,Windonshore,1,Generation,148.91095158067174
Greece,Windonshore,2,Generation,0.0
Greece,Windonshore,3,Generation,0.0
Greece,Windonshore,4,Generation,0.0
Greece,Windonshore,5,Generation,0.0
Greece,Windonshore,6,Generation,0.0
Greece,Windonshore,7,Generation,0.0
Greece,Windonshore,8,Generation,0.0
Croatia,Windonshore,1,Generation,0.0
Croatia,Windonshore,2,Generation,0.0
Croatia,Windonshore,3,Generation,1101.710790219313
Croatia,Windonshore,4,Generation,0.0
Croatia,Windonshore,5,Generation,2567.5384861731927
Croatia,Windonshore,6,Generation,2314.671287018332
Croatia,Windonshore,7,Generation,0.0
Croatia,Windonshore,8,Generation,0.0
Hungary,Windonshore,1,Generation,0.0
Hungary,Windonshore,2,Generation,0.0
Hungary,Windonshore,3,Generation,1297.04891528528
Hungary,Windonshore,4,Generation,2003.0198795722351
Hungary,Windonshore,5,Generation,4179.365823790278
Hungary,Windonshore,6,Generation,7917.358160888589
Hungary,Windonshore,7,Generation,11512.313528122382
Hungary,Windonshore,8,Generation,0.0
Ireland,Windonshore,1,Generation,3261.0
Ireland,Windonshore,2,Generation,0.0
Ireland,Windonshore,3,Generation,0.0
Ireland,Windonshore,4,Generation,0.0
Ireland,Windonshore,5,Generation,0.0
Ireland,Windonshore,6,Generation,0.0
Ireland,Windonshore,7,Generation,0.0
Ireland,Windonshore,8,Generation,0.0
Italy,Windonshore,1,Generation,0.0
Italy,Windonshore,2,Generation,0.0
Italy,Windonshore,3,Generation,8022.694729251107
Italy,Windonshore,4,Generation,0.0
Italy,Windonshore,5,Generation,40976.24138527278
Italy,Windonshore,6,Generation,23230.06388547612
Italy,Windonshore,7,Generation,0.0
Italy,Windonshore,8,Generation,0.0
Lithuania,Windonshore,1,Generation,0.0
Lithuania,Windonshore,2,Generation,261.80439069823
Lithuania,Windonshore,3,Generation,0.0
Lithuania,Windonshore,4,Generation,0.0
Lithuania,Windonshore,5,Generation,0.0
Lithuania,Windonshore,6,Generation,2007.8885780634907
Lithuania,Windonshore,7,Generation,1715.705760283525
Lithuania,Windonshore,8,Generation,0.0
Luxemb.,Windonshore,1,Generation,580.0000000000001
Luxemb.,Windonshore,2,Generation,0.0
Luxemb.,Windonshore,3,Generation,0.0
Luxemb.,Windonshore,4,Generation,0.0
Luxemb.,Windonshore,5,Generation,0.0
Luxemb.,Windonshore,6,Generation,0.0
Luxemb.,Windonshore,7,Generation,0.0
Luxemb.,Windonshore,8,Generation,560.5430253831514
Belgium,Windoffshore,1,Generation,0.0
Belgium,Windoffshore,2,Generation,0.0
Belgium,Windoffshore,3,Generation,0.0
Belgium,Windoffshore,4,Generation,0.0
Belgium,Windoffshore,5,Generation,0.0
Belgium,Windoffshore,6,Generation,0.0
Belgium,Windoffshore,7,Generation,0.0
Belgium,Windoffshore,8,Generation,0.0
Germany,Windoffshore,1,Generation,0.0
Germany,Windoffshore,2,Generation,0.0
Germany,Windoffshore,3,Generation,0.0
Germany,Windoffshore,4,Generation,0.0
Germany,Windoffshore,5,Generation,0.0
Germany,Windoffshore,6,Generation,0.0
Germany,Windoffshore,7,Generation,0.0
Germany,Windoffshore,8,Generation,0.0
Denmark,Windoffshore,1,Generation,0.0
Denmark,Windoffshore,2,Generation,0.0
Denmark,Windoffshore,3,Generation,0.0
Denmark,Windoffshore,4,Generation,0.0
Denmark,Windoffshore,5,Generation,0.0
Denmark,Windoffshore,6,Generation,0.0
Denmark,Windoffshore,7,Generation,0.0
Denmark,Windoffshore,8,Generation,0.0
Finland,Windoffshore,1,Generation,0.0
Finland,Windoffshore,2,Generation,0.0
Finland,Windoffshore,3,Generation,0.0
Finland,Windoffshore,4,Generation,0.0
Finland,Windoffshore,5,Generation,0.0
Finland,Windoffshore,6,Generation,0.0
Finland,Windoffshore,7,Generation,0.0
Finland,Windoffshore,8,Generation,0.0
Spain,Windoffshore,1,Generation,0.0
Spain,Windoffshore,2,Generation,0.0
Spain,Windoffshore,3,Generation,0.0
Spain,Windoffshore,4,Generation,0.0
Spain,Windoffshore,5,Generation,0.0
Spain,Windoffshore,6,Generation,0.0
Spain,Windoffshore,7,Generation,0.0
Spain,Windoffshore,8,Generation,0.0
France,Windoffshore,1,Generation,0.0
France,Windoffshore,2,Generation,0.0
France,Windoffshore,3,Generation,0.0
France,Windoffshore,4,Generation,0.0
France,Windoffshore,5,Generation,0.0
France,Windoffshore,6,Generation,0.0
France,Windoffshore,7,Generation,27350.738017394135
France,Windoffshore,8,Generation,26957.91715833733
GreatBrit.,Windoffshore,1,Generation,0.0
GreatBrit.,Windoffshore,2,Generation,0.0
GreatBrit.,Windoffshore,3,Generation,0.0
GreatBrit.,Windoffshore,4,Generation,0.0
GreatBrit.,Windoffshore,5,Generation,0.0
GreatBrit.,Windoffshore,6,Generation,0.0
GreatBrit.,Windoffshore,7,Generation,0.0
GreatBrit.,Windoffshore,8,Generation,0.0
Ireland,Windoffshore,1,Generation,0.0
Ireland,Windoffshore,2,Generation,0.0
Ireland,Windoffshore,3,Generation,0.0
Ireland,Windoffshore,4,Generation,0.0
Ireland,Windoffshore,5,Generation,0.0
Ireland,Windoffshore,6,Generation,0.0
Ireland,Windoffshore,7,Generation,0.0
Ireland,Windoffshore,8,Generation,0.0
Austria,Solar,1,Generation,0.0
Austria,Solar,2,Generation,0.0
Austria,Solar,3,Generation,0.0
Austria,Solar,4,Generation,0.0
Austria,Solar,5,Generation,1500.8816181317188
Austria,Solar,6,Generation,829.820583327918
Austria,Solar,7,Generation,475.0020114566096
Austria,Solar,8,Generation,1949.137721702852
BosniaH,Solar,1,Generation,0.0
BosniaH,Solar,2,Generation,0.0
BosniaH,Solar,3,Generation,0.0
BosniaH,Solar,4,Generation,0.0
BosniaH,Solar,5,Generation,357.8854595870628
BosniaH,Solar,6,Generation,2858.6278323776055
BosniaH,Solar,7,Generation,6704.551498381926
BosniaH,Solar,8,Generation,176.8264043868221
Belgium,Solar,1,Generation,0.0
Belgium,Solar,2,Generation,4993.520049993511
Belgium,Solar,3,Generation,4193.983830386873
Belgium,Solar,4,Generation,0.0
Belgium,Solar,5,Generation,19765.552987532654
Belgium,Solar,6,Generation,16553.11372179703
Belgium,Solar,7,Generation,35502.1712051471
Belgium,Solar,8,Generation,0.0
Bulgaria,Solar,1,Generation,0.0
Bulgaria,Solar,2,Generation,0.0
Bulgaria,Solar,3,Generation,0.0
Bulgaria,Solar,4,Generation,0.0
Bulgaria,Solar,5,Generation,1457.9212692485353
Bulgaria,Solar,6,Generation,0.0
Bulgaria,Solar,7,Generation,0.0
Bulgaria,Solar,8,Generation,0.0
Switzerland,Solar,1,Generation,0.0
Switzerland,Solar,2,Generation,0.0
Switzerland,Solar,3,Generation,0.0
Switzerland,Solar,4,Generation,0.0
Switzerland,Solar,5,Generation,0.0
Switzerland,Solar,6,Generation,0.0
Switzerland,Solar,7,Generation,0.0
Switzerland,Solar,8,Generation,0.0
CzechR,Solar,1,Generation,0.0
CzechR,Solar,2,Generation,0.0
CzechR,Solar,3,Generation,0.0
CzechR,Solar,4,Generation,0.0
CzechR,Solar,5,Generation,0.0
CzechR,Solar,6,Generation,1466.9731052596926
CzechR,Solar,7,Generation,7325.430873798321
CzechR,Solar,8,Generation,0.0
Germany,Solar,1,Generation,0.0
Germany,Solar,2,Generation,0.0
Germany,Solar,3,Generation,0.0
Germany,Solar,4,Generation,778.9338835231756
Germany,Solar,5,Generation,98531.2681829395
Germany,Solar,6,Generation,0.0
Germany,Solar,7,Generation,117621.35496762831
Germany,Solar,8,Generation,0.0
Denmark,Solar,1,Generation,0.0
Denmark,Solar,2,Generation,0.0
Denmark,Solar,3,Generation,0.0
Denmark,Solar,4,Generation,0.0
Denmark,Solar,5,Generation,8492.963119163805
Denmark,Solar,6,Generation,15709.404020542597
Denmark,Solar,7,Generation,45797.6328602936
Denmark,Solar,8,Generation,0.0
Estonia,Solar,1,Generation,3359.891954833972
Estonia,Solar,2,Generation,0.0
Estonia,Solar,3,Generation,0.0
Estonia,Solar,4,Generation,0.0
Estonia,Solar,5,Generation,998.3604138761448
Estonia,Solar,6,Generation,4330.4184873716285
Estonia,Solar,7,Generation,3402.2912747247483
Estonia,Solar,8,Generation,10955.826140765175
Spain,Solar,1,Generation,0.0
Spain,Solar,2,Generation,0.0
Spain,Solar,3,Generation,0.0
Spain,Solar,4,Generation,0.0
Spain,Solar,5,Generation,0.0
Spain,Solar,6,Generation,0.0
Spain,Solar,7,Generation,212.905148559683
Spain,Solar,8,Generation,0.0
Finland,Solar,1,Generation,59.214694419594906
Finland,Solar,2,Generation,2717.5071388375272
Finland,Solar,3,Generation,0.0
Finland,Solar,4,Generation,0.0
Finland,Solar,5,Generation,0.0
Finland,Solar,6,Generation,0.0
Finland,Solar,7,Generation,24560.428524362218
Finland,Solar,8,Generation,36515.37064796983
France,Solar,1,Generation,0.0
France,Solar,2,Generation,0.0
France,Solar,3,Generation,0.0
France,Solar,4,Generation,0.0
France,Solar,5,Generation,98684.44413683633
France,Solar,6,Generation,29099.4247695299
France,Solar,7,Generation,0.0
France,Solar,8,Generation,0.0
GreatBrit.,Solar,1,Generation,0.0
GreatBrit.,Solar,2,Generation,0.0
GreatBrit.,Solar,3,Generation,0.0
GreatBrit.,Solar,4,Generation,0.0
GreatBrit.,Solar,5,Generation,66490.72948654421
GreatBrit.,Solar,6,Generation,9794.107898737755
GreatBrit.,Solar,7,Generation,51494.54944843329
GreatBrit.,Solar,8,Generation,10904.258392392367
Greece,Solar,1,Generation,0.0
Greece,Solar,2,Generation,0.0
Greece,Solar,3,Generation,0.0
Greece,Solar,4,Generation,0.0
Greece,Solar,5,Generation,7142.785830793586
Greece,Solar,6,Generation,3210.16126600029
Greece,Solar,7,Generation,10417.74984990808
Greece,Solar,8,Generation,2466.5022345165453
Croatia,Solar,1,Generation,0.0
Croatia,Solar,2,Generation,0.0
Croatia,Solar,3,Generation,0.0
Croatia,Solar,4,Generation,0.0
Croatia,Solar,5,Generation,0.0
Croatia,Solar,6,Generation,0.0
Croatia,Solar,7,Generation,1164.5456268241878
Croatia,Solar,8,Generation,0.0
Hungary,Solar,1,Generation,2393.294235369517
Hungary,Solar,2,Generation,1133.0845749833543
Hungary,Solar,3,Generation,0.0
Hungary,Solar,4,Generation,1149.3252301033963
Hungary,Solar,5,Generation,0.0
Hungary,Solar,6,Generation,0.0
Hungary,Solar,7,Generation,0.0
Hungary,Solar,8,Generation,0.0
Ireland,Solar,1,Generation,0.0
Ireland,Solar,2,Generation,0.0
Ireland,Solar,3,Generation,0.0
Ireland,Solar,4,Generation,0.0
Ireland,Solar,5,Generation,1502.4557276720652
Ireland,Solar,6,Generation,11578.1895442793
Ireland,Solar,7,Generation,9588.138601076302
Ireland,Solar,8,Generation,726.9295552556287
Italy,Solar,1,Generation,23470.0
Italy,Solar,2,Generation,0.0
Italy,Solar,3,Generation,0.0
Italy,Solar,4,Generation,0.0
Italy,Solar,5,Generation,10198.222352103578
Italy,Solar,6,Generation,0.0
Italy,Solar,7,Generation,72928.90236512938
Italy,Solar,8,Generation,4509.009443141214
Lithuania,Solar,1,Generation,1042.231792511358
Lithuania,Solar,2,Generation,0.0
Lithuania,Solar,3,Generation,0.0
Lithuania,Solar,4,Generation,0.0
Lithuania,Solar,5,Generation,0.0
Lithuania,Solar,6,Generation,0.0
Lithuania,Solar,7,Generation,0.0
Lithuania,Solar,8,Generation,0.0
Luxemb.,Solar,1,Generation,0.0
Luxemb.,Solar,2,Generation,186.36653177860478
Luxemb.,Solar,3,Generation,0.0
Luxemb.,Solar,4,Generation,709.9400593304666
Luxemb.,Solar,5,Generation,1946.6560343104027
Luxemb.,Solar,6,Generation,2266.6813938071687
Luxemb.,Solar,7,Generation,1579.5755650089814
Luxemb.,Solar,8,Generation,0.0
Austria,Bio10cofiringCCS,1,Generation,0.0
Austria,Bio10cofiringCCS,2,Generation,0.0
Austria,Bio10cofiringCCS,3,Generation,0.0
Austria,Bio10cofiringCCS,4,Generation,0.0
Austria,Bio10cofiringCCS,5,Generation,0.0
Austria,Bio10cofiringCCS,6,Generation,0.0
Austria,Bio10cofiringCCS,7,Generation,0.0
Austria,Bio10cofiringCCS,8,Generation,0.0
Belgium,Bio10cofiringCCS,1,Generation,0.0
Belgium,Bio10cofiringCCS,2,Generation,0.0
Belgium,Bio10cofiringCCS,3,Generation,0.0
Belgium,Bio10cofiringCCS,4,Generation,0.0
Belgium,Bio10cofiringCCS,5,Generation,0.0
Belgium,Bio10cofiringCCS,6,Generation,0.0
Belgium,Bio10cofiringCCS,7,Generation,0.0
Belgium,Bio10cofiringCCS,8,Generation,0.0
Bulgaria,Bio10cofiringCCS,1,Generation,0.0
Bulgaria,Bio10cofiringCCS,2,Generation,0.0
Bulgaria,Bio10cofiringCCS,3,Generation,0.0
Bulgaria,Bio10cofiringCCS,4,Generation,0.0
Bulgaria,Bio10cofiringCCS,5,Generation,0.0
Bulgaria,Bio10cofiringCCS,6,Generation,0.0
Bulgaria,Bio10cofiringCCS,7,Generation,0.0
Bulgaria,Bio10cofiringCCS,8,Generation,0.0
Switzerland,Bio10cofiringCCS,1,Generation,0.0
Switzerland,Bio10cofiringCCS,2,Generation,0.0
Switzerland,Bio10cofiringCCS,3,Generation,0.0
Switzerland,Bio10cofiringCCS,4,Generation,0.0
Switzerland,Bio10cofiringCCS,5,Generation,0.0
Switzerland,Bio10cofiringCCS,6,Generation,0.0
Switzerland,Bio10cofiringCCS,7,Generation,0.0
Switzerland,Bio10cofiringCCS,8,Generation,0.0
CzechR,Bio10cofiringCCS,1,Generation,0.0
CzechR,Bio10cofiringCCS,2,Generation,0.0
CzechR,Bio10cofiringCCS,3,Generation,0.0
CzechR,Bio10cofiringCCS,4,Generation,0.0
CzechR,Bio10cofiringCCS,5,Generation,0.0
CzechR,Bio10cofiringCCS,6,Generation,0.0
CzechR,Bio10cofiringCCS,7,Generation,0.0
CzechR,Bio10cofiringCCS,8,Generation,0.0
Germany,Bio10cofiringCCS,1,Generation,0.0
Germany,Bio10cofiringCCS,2,Generation,0.0
Germany,Bio10cofiringCCS,3,Generation,0.0
Germany,Bio10cofiringCCS,4,Generation,0.0
Germany,Bio10cofiringCCS,5,Generation,0.0
Germany,Bio10cofiringCCS,6,Generation,0.0
Germany,Bio10cofiringCCS,7,Generation,0.0
Germany,Bio10cofiringCCS,8,Generation,0.0
Denmark,Bio10cofiringCCS,1,Generation,0.0
Denmark,Bio10cofiringCCS,2,Generation,0.0
Denmark,Bio10cofiringCCS,3,Generation,0.0
Denmark,Bio10cofiringCCS,4,Generation,0.0
Denmark,Bio10cofiringCCS,5,Generation,0.0
Denmark,Bio10cofiringCCS,6,Generation,0.0
Denmark,Bio10cofiringCCS,7,Generation,0.0
Denmark,Bio10cofiringCCS,8,Generation,0.0
Estonia,Bio10cofiringCCS,1,Generation,0.0
Estonia,Bio10cofiringCCS,2,Generation,0.0
Estonia,Bio10cofiringCCS,3,Generation,0.0
Estonia,Bio10cofiringCCS,4,Generation,0.0
Estonia,Bio10cofiringCCS,5,Generation,0.0
Estonia,Bio10cofiringCCS,6,Generation,0.0
Estonia,Bio10cofiringCCS,7,Generation,0.0
Estonia,Bio10cofiringCCS,8,Generation,0.0
Spain,Bio10cofiringCCS,1,Generation,0.0
Spain,Bio10cofiringCCS,2,Generation,0.0
Spain,Bio10cofiringCCS,3,Generation,0.0
Spain,Bio10cofiringCCS,4,Generation,0.0
Spain,Bio10cofiringCCS,5,Generation,0.0
Spain,Bio10cofiringCCS,6,Generation,0.0
Spain,Bio10cofiringCCS,7,Generation,0.0
Spain,Bio10cofiringCCS,8,Generation,0.0
Finland,Bio10cofiringCCS,1,Generation,0.0
Finland,Bio10cofiringCCS,2,Generation,0.0
Finland,Bio10cofiringCCS,3,Generation,0.0
Finland,Bio10cofiringCCS,4,Generation,0.0
Finland,Bio10cofiringCCS,5,Generation,0.0
Finland,Bio10cofiringCCS,6,Generation,0.0
Finland,Bio10cofiringCCS,7,Generation,0.0
Finland,Bio10cofiringCCS,8,Generation,0.0
France,Bio10cofiringCCS,1,Generation,0.0
France,Bio10cofiringCCS,2,Generation,0.0
France,Bio10cofiringCCS,3,Generation,0.0
France,Bio10cofiringCCS,4,Generation,0.0
France,Bio10cofiringCCS,5,Generation,0.0
France,Bio10cofiringCCS,6,Generation,0.0
France,Bio10cofiringCCS,7,Generation,0.0
France,Bio10cofiringCCS,8,Generation,0.0
GreatBrit.,Bio10cofiringCCS,1,Generation,0.0
GreatBrit.,Bio10cofiringCCS,2,Generation,0.0
GreatBrit.,Bio10cofiringCCS,3,Generation,0.0
GreatBrit.,Bio10cofiringCCS,4,Generation,0.0
GreatBrit.,Bio10cofiringCCS,5,Generation,0.0
GreatBrit.,Bio10cofiringCCS,6,Generation,0.0
GreatBrit.,Bio10cofiringCCS,7,Generation,0.0
GreatBrit.,Bio10cofiringCCS,8,Generation,0.0
Greece,Bio10cofiringCCS,1,Generation,0.0
Greece,Bio10cofiringCCS,2,Generation,0.0
Greece,Bio10cofiringCCS,3,Generation,0.0
Greece,Bio10cofiringCCS,4,Generation,0.0
Greece,Bio10cofiringCCS,5,Generation,0.0
Greece,Bio10cofiringCCS,6,Generation,0.0
Greece,Bio10cofiringCCS,7,Generation,0.0
Greece,Bio10cofiringCCS,8,Generation,0.0
Croatia,Bio10cofiringCCS,1,Generation,0.0
Croatia,Bio10cofiringCCS,2,Generation,0.0
Croatia,Bio10cofiringCCS,3,Generation,0.0
Croatia,Bio10cofiringCCS,4,Generation,0.0
Croatia,Bio10cofiringCCS,5,Generation,0.0
Croatia,Bio10cofiringCCS,6,Generation,0.0
Croatia,Bio10cofiringCCS,7,Generation,0.0
Croatia,Bio10cofiringCCS,8,Generation,0.0
Hungary,Bio10cofiringCCS,1,Generation,0.0
Hungary,Bio10cofiringCCS,2,Generation,0.0
Hungary,Bio10cofiringCCS,3,Generation,0.0
Hungary,Bio10cofiringCCS,4,Generation,0.0
Hungary,Bio10cofiringCCS,5,Generation,0.0
Hungary,Bio10cofiringCCS,6,Generation,0.0
Hungary,Bio10cofiringCCS,7,Generation,0.0
Hungary,Bio10cofiringCCS,8,Generation,0.0
Ireland,Bio10cofiringCCS,1,Generation,0.0
Ireland,Bio10cofiringCCS,2,Generation,0.0
Ireland,Bio10cofiringCCS,3,Generation,0.0
Ireland,Bio10cofiringCCS,4,Generation,0.0
Ireland,Bio10cofiringCCS,5,Generation,0.0
Ireland,Bio10cofiringCCS,6,Generation,0.0
Ireland,Bio10cofiringCCS,7,Generation,0.0
Ireland,Bio10cofiringCCS,8,Generation,0.0
Italy,Bio10cofiringCCS,1,Generation,0.0
Italy,Bio10cofiringCCS,2,Generation,0.0
Italy,Bio10cofiringCCS,3,Generation,0.0
Italy,Bio10cofiringCCS,4,Generation,0.0
Italy,Bio10cofiringCCS,5,Generation,0.0
Italy,Bio10cofiringCCS,6,Generation,0.0
Italy,Bio10cofiringCCS,7,Generation,0.0
Italy,Bio10cofiringCCS,8,Generation,0.0
Lithuania,Bio10cofiringCCS,1,Generation,0.0
Lithuania,Bio10cofiringCCS,2,Generation,0.0
Lithuania,Bio10cofiringCCS,3,Generation,0.0
Lithuania,Bio10cofiringCCS,4,Generation,0.0
Lithuania,Bio10cofiringCCS,5,Generation,0.0
Lithuania,Bio10cofiringCCS,6,Generation,0.0
Lithuania,Bio10cofiringCCS,7,Generation,0.0
Lithuania,Bio10cofiringCCS,8,Generation,0.0
Luxemb.,Bio10cofiringCCS,1,Generation,0.0
Luxemb.,Bio10cofiringCCS,2,Generation,0.0
Luxemb.,Bio10cofiringCCS,3,Generation,0.0
Luxemb.,Bio10cofiringCCS,4,Generation,0.0
Luxemb.,Bio10cofiringCCS,5,Generation,0.0
Luxemb.,Bio10cofiringCCS,6,Generation,0.0
Luxemb.,Bio10cofiringCCS,7,Generation,0.0
Luxemb.,Bio10cofiringCCS,8,Generation,0.0
BosniaH,LigniteCCSsup,1,Generation,0.0
BosniaH,LigniteCCSsup,2,Generation,0.0
BosniaH,LigniteCCSsup,3,Generation,0.0
BosniaH,LigniteCCSsup,4,Generation,0.0
BosniaH,LigniteCCSsup,5,Generation,0.0
BosniaH,LigniteCCSsup,6,Generation,0.0
BosniaH,LigniteCCSsup,7,Generation,0.0
BosniaH,LigniteCCSsup,8,Generation,0.0
Germany,LigniteCCSsup,1,Generation,0.0
Germany,LigniteCCSsup,2,Generation,0.0
Germany,LigniteCCSsup,3,Generation,0.0
Germany,LigniteCCSsup,4,Generation,0.0
Germany,LigniteCCSsup,5,Generation,0.0
Germany,LigniteCCSsup,6,Generation,0.0
Germany,LigniteCCSsup,7,Generation,0.0
Germany,LigniteCCSsup,8,Generation,0.0
Germany,CoalCCS,1,Generation,0.0
Germany,CoalCCS,2,Generation,0.0
Germany,CoalCCS,3,Generation,0.0
Germany,CoalCCS,4,Generation,0.0
Germany,CoalCCS,5,Generation,0.0
Germany,CoalCCS,6,Generation,0.0
Germany,CoalCCS,7,Generation,0.0
Germany,CoalCCS,8,Generation,0.0
Spain,CoalCCS,1,Generation,0.0
Spain,CoalCCS,2,Generation,0.0
Spain,CoalCCS,3,Generation,0.0
Spain,CoalCCS,4,Generation,0.0
Spain,CoalCCS,5,Generation,0.0
Spain,CoalCCS,6,Generation,0.0
Spain,CoalCCS,7,Generation,0.0
Spain,CoalCCS,8,Generation,0.0
France,CoalCCS,1,Generation,0.0
France,CoalCCS,2,Generation,0.0
France,CoalCCS,3,Generation,0.0
France,CoalCCS,4,Generation,0.0
France,CoalCCS,5,Generation,0.0
France,CoalCCS,6,Generation,0.0
France,CoalCCS,7,Generation,0.0
France,CoalCCS,8,Generation,0.0
GreatBrit.,CoalCCS,1,Generation,0.0
GreatBrit.,CoalCCS,2,Generation,0.0
GreatBrit.,CoalCCS,3,Generation,0.0
GreatBrit.,CoalCCS,4,Generation,0.0
GreatBrit.,CoalCCS,5,Generation,0.0
GreatBrit.,CoalCCS,6,Generation,0.0
GreatBrit.,CoalCCS,7,Generation,0.0
GreatBrit.,CoalCCS,8,Generation,0.0
Italy,CoalCCS,1,Generation,0.0
Italy,CoalCCS,2,Generation,0.0
Italy,CoalCCS,3,Generation,0.0
Italy,CoalCCS,4,Generation,0.0
Italy,CoalCCS,5,Generation,0.0
Italy,CoalCCS,6,Generation,0.0
Italy,CoalCCS,7,Generation,0.0
Italy,CoalCCS,8,Generation,0.0
Germany,GasCCS,1,Generation,0.0
Germany,GasCCS,2,Generation,0.0
Germany,GasCCS,3,Generation,0.0
Germany,GasCCS,4,Generation,0.0
Germany,GasCCS,5,Generation,0.0
Germany,GasCCS,6,Generation,0.0
Germany,GasCCS,7,Generation,0.0
Germany,GasCCS,8,Generation,0.0
Spain,GasCCS,1,Generation,0.0
Spain,GasCCS,2,Generation,0.0
Spain,GasCCS,3,Generation,0.0
Spain,GasCCS,4,Generation,0.0
Spain,GasCCS,5,Generation,0.0
Spain,GasCCS,6,Generation,0.0
Spain,GasCCS,7,Generation,0.0
Spain,GasCCS,8,Generation,0.0
France,GasCCS,1,Generation,0.0
France,GasCCS,2,Generation,0.0
France,GasCCS,3,Generation,0.0
France,GasCCS,4,Generation,0.0
France,GasCCS,5,Generation,0.0
France,GasCCS,6,Generation,0.0
France,GasCCS,7,Generation,0.0
France,GasCCS,8,Generation,0.0
GreatBrit.,GasCCS,1,Generation,0.0
GreatBrit.,GasCCS,2,Generation,0.0
GreatBrit.,GasCCS,3,Generation,0.0
GreatBrit.,GasCCS,4,Generation,0.0
GreatBrit.,GasCCS,5,Generation,0.0
GreatBrit.,GasCCS,6,Generation,0.0
GreatBrit.,GasCCS,7,Generation,0.0
GreatBrit.,GasCCS,8,Generation,0.0
Italy,GasCCS,1,Generation,0.0
Italy,GasCCS,2,Generation,0.0
Italy,GasCCS,3,Generation,0.0
Italy,GasCCS,4,Generation,0.0
Italy,GasCCS,5,Generation,0.0
Italy,GasCCS,6,Generation,0.0
Italy,GasCCS,7,Generation,0.0
Italy,GasCCS,8,Generation,0.0
Austria,Waste,1,Generation,0.0
Austria,Waste,2,Generation,0.0
Austria,Waste,3,Generation,1.1000000000000014
Austria,Waste,4,Generation,0.0
Austria,Waste,5,Generation,0.0
Austria,Waste,6,Generation,0.0
Austria,Waste,7,Generation,0.0
Austria,Waste,8,Generation,0.0
BosniaH,Waste,1,Generation,0.0
BosniaH,Waste,2,Generation,0.0
BosniaH,Waste,3,Generation,0.0
BosniaH,Waste,4,Generation,0.0
BosniaH,Waste,5,Generation,0.0
BosniaH,Waste,6,Generation,0.0
BosniaH,Waste,7,Generation,0.0
BosniaH,Waste,8,Generation,0.0
Belgium,Waste,1,Generation,0.0
Belgium,Waste,2,Generation,0.0
Belgium,Waste,3,Generation,0.0
Belgium,Waste,4,Generation,0.0
Belgium,Waste,5,Generation,15.100000000000023
Belgium,Waste,6,Generation,0.0
Belgium,Waste,7,Generation,0.0
Belgium,Waste,8,Generation,0.0
Bulgaria,Waste,1,Generation,0.0
Bulgaria,Waste,2,Generation,0.0
Bulgaria,Waste,3,Generation,0.0
Bulgaria,Waste,4,Generation,0.0
Bulgaria,Waste,5,Generation,0.0
Bulgaria,Waste,6,Generation,0.0
Bulgaria,Waste,7,Generation,0.0
Bulgaria,Waste,8,Generation,0.0
Switzerland,Waste,1,Generation,0.0
Switzerland,Waste,2,Generation,21.100000000000023
Switzerland,Waste,3,Generation,0.0
Switzerland,Waste,4,Generation,0.0
Switzerland,Waste,5,Generation,0.0
Switzerland,Waste,6,Generation,0.0
Switzerland,Waste,7,Generation,21.100000000000023
Switzerland,Waste,8,Generation,0.0
CzechR,Waste,1,Generation,0.0
CzechR,Waste,2,Generation,5.0
CzechR,Waste,3,Generation,0.0
CzechR,Waste,4,Generation,0.0
CzechR,Waste,5,Generation,0.0
CzechR,Waste,6,Generation,0.0
CzechR,Waste,7,Generation,0.0
CzechR,Waste,8,Generation,5.0
Germany,Waste,1,Generation,89.20000000000005
Germany,Waste,2,Generation,0.0
Germany,Waste,3,Generation,0.0
Germany,Waste,4,Generation,0.0
Germany,Waste,5,Generation,89.20000000000005
Germany,Waste,6,Generation,0.0
Germany,Waste,7,Generation,0.0
Germany,Waste,8,Generation,0.0
Denmark,Waste,1,Generation,0.0
Denmark,Waste,2,Generation,0.0
Denmark,Waste,3,Generation,0.0
Denmark,Waste,4,Generation,16.150000000000034
Denmark,Waste,5,Generation,0.0
Denmark,Waste,6,Generation,0.0
Denmark,Waste,7,Generation,0.0
Denmark,Waste,8,Generation,0.0
Estonia,Waste,1,Generation,0.0
Estonia,Waste,2,Generation,1.0
Estonia,Waste,3,Generation,0.0
Estonia,Waste,4,Generation,0.0
Estonia,Waste,5,Generation,0.0
Estonia,Waste,6,Generation,1.0
Estonia,Waste,7,Generation,0.0
Estonia,Waste,8,Generation,0.0
Spain,Waste,1,Generation,0.0
Spain,Waste,2,Generation,0.0
Spain,Waste,3,Generation,0.0
Spain,Waste,4,Generation,34.0
Spain,Waste,5,Generation,0.0
Spain,Waste,6,Generation,0.0
Spain,Waste,7,Generation,0.0
Spain,Waste,8,Generation,0.0
Finland,Waste,1,Generation,0.0
Finland,Waste,2,Generation,0.0
Finland,Waste,3,Generation,0.0
Finland,Waste,4,Generation,7.900000000000006
Finland,Waste,5,Generation,0.0
Finland,Waste,6,Generation,0.0
Finland,Waste,7,Generation,0.0
Finland,Waste,8,Generation,0.0
France,Waste,1,Generation,44.15000000000009
France,Waste,2,Generation,0.0
France,Waste,3,Generation,0.0
France,Waste,4,Generation,0.0
France,Waste,5,Generation,44.15000000000009
France,Waste,6,Generation,0.0
France,Waste,7,Generation,0.0
France,Waste,8,Generation,0.0
GreatBrit.,Waste,1,Generation,0.25
GreatBrit.,Waste,2,Generation,0.0
GreatBrit.,Waste,3,Generation,0.0
GreatBrit.,Waste,4,Generation,0.0
GreatBrit.,Waste,5,Generation,0.0
GreatBrit.,Waste,6,Generation,0.0
GreatBrit.,Waste,7,Generation,0.0
GreatBrit.,Waste,8,Generation,0.0
Greece,Waste,1,Generation,0.0
Greece,Waste,2,Generation,0.0
Greece,Waste,3,Generation,0.0
Greece,Waste,4,Generation,0.0
Greece,Waste,5,Generation,0.0
Greece,Waste,6,Generation,0.0
Greece,Waste,7,Generation,0.0
Greece,Waste,8,Generation,0.0
Croatia,Waste,1,Generation,0.3000000000000007
Croatia,Waste,2,Generation,0.0
Croatia,Waste,3,Generation,0.0
Croatia,Waste,4,Generation,0.0
Croatia,Waste,5,Generation,0.0
Croatia,Waste,6,Generation,0.0
Croatia,Waste,7,Generation,0.0
Croatia,Waste,8,Generation,0.0
Hungary,Waste,1,Generation,0.0
Hungary,Waste,2,Generation,0.0
Hungary,Waste,3,Generation,0.0
Hungary,Waste,4,Generation,0.0
Hungary,Waste,5,Generation,0.0
Hungary,Waste,6,Generation,0.0
Hungary,Waste,7,Generation,0.0
Hungary,Waste,8,Generation,0.0
Ireland,Waste,1,Generation,0.0
Ireland,Waste,2,Generation,4.0
Ireland,Waste,3,Generation,0.0
Ireland,Waste,4,Generation,0.0
Ireland,Waste,5,Generation,0.0
Ireland,Waste,6,Generation,0.0
Ireland,Waste,7,Generation,0.0
Ireland,Waste,8,Generation,4.0
Italy,Waste,1,Generation,0.0
Italy,Waste,2,Generation,0.0
Italy,Waste,3,Generation,0.0
Italy,Waste,4,Generation,0.0
Italy,Waste,5,Generation,0.0
Italy,Waste,6,Generation,0.0
Italy,Waste,7,Generation,0.0
Italy,Waste,8,Generation,0.0
Lithuania,Waste,1,Generation,0.0
Lithuania,Waste,2,Generation,0.0
Lithuania,Waste,3,Generation,0.0
Lithuania,Waste,4,Generation,0.0
Lithuania,Waste,5,Generation,0.0
Lithuania,Waste,6,Generation,1.0
Lithuania,Waste,7,Generation,0.0
Lithuania,Waste,8,Generation,0.0
Luxemb.,Waste,1,Generation,0.0
Luxemb.,Waste,2,Generation,0.0
Luxemb.,Waste,3,Generation,0.0
Luxemb.,Waste,4,Generation,0.0
Luxemb.,Waste,5,Generation,0.0
Luxemb.,Waste,6,Generation,0.0
Luxemb.,Waste,7,Generation,0.0
Luxemb.,Waste,8,Generation,1.0500000000000007
Spain,Liginiteexisting,1,Generation,0.0
Spain,Liginiteexisting,2,Generation,0.0
Spain,Liginiteexisting,3,Generation,0.0
Spain,Liginiteexisting,4,Generation,0.0
Spain,Liginiteexisting,5,Generation,0.0
Spain,Liginiteexisting,6,Generation,0.0
Spain,Liginiteexisting,7,Generation,0.0
Spain,Liginiteexisting,8,Generation,0.0
GreatBrit.,Hydrorun-of-the-river,1,Generation,0.0
GreatBrit.,Hydrorun-of-the-river,2,Generation,0.0
GreatBrit.,Hydrorun-of-the-river,3,Generation,0.0
GreatBrit.,Hydrorun-of-the-river,4,Generation,0.0
GreatBrit.,Hydrorun-of-the-river,5,Generation,2346.558659217877
GreatBrit.,Hydrorun-of-the-river,6,Generation,0.0
GreatBrit.,Hydrorun-of-the-river,7,Generation,0.0
GreatBrit.,Hydrorun-of-the-river,8,Generation,0.0
Croatia,Bioexisting,1,Generation,0.0
Croatia,Bioexisting,2,Generation,0.0
Croatia,Bioexisting,3,Generation,0.0
Croatia,Bioexisting,4,Generation,0.0
Croatia,Bioexisting,5,Generation,0.0
Croatia,Bioexisting,6,Generation,0.0
Croatia,Bioexisting,7,Generation,0.0
Croatia,Bioexisting,8,Generation,0.0
Croatia,Hydrorun-of-the-river,1,Generation,0.0
Croatia,Hydrorun-of-the-river,2,Generation,0.0
Croatia,Hydrorun-of-the-river,3,Generation,0.0
Croatia,Hydrorun-of-the-river,4,Generation,0.0
Croatia,Hydrorun-of-the-river,5,Generation,0.0
Croatia,Hydrorun-of-the-river,6,Generation,0.0
Croatia,Hydrorun-of-the-river,7,Generation,69.0
Croatia,Hydrorun-of-the-river,8,Generation,0.0
Lithuania,Liginiteexisting,1,Generation,0.0
Lithuania,Liginiteexisting,2,Generation,0.0
Lithuania,Liginiteexisting,3,Generation,0.0
Lithuania,Liginiteexisting,4,Generation,0.0
Lithuania,Liginiteexisting,5,Generation,0.0
Lithuania,Liginiteexisting,6,Generation,0.0
Lithuania,Liginiteexisting,7,Generation,0.0
Lithuania,Liginiteexisting,8,Generation,0.0
Lithuania,Hydrorun-of-the-river,1,Generation,0.0
Lithuania,Hydrorun-of-the-river,2,Generation,0.0
Lithuania,Hydrorun-of-the-river,3,Generation,0.0
Lithuania,Hydrorun-of-the-river,4,Generation,0.0
Lithuania,Hydrorun-of-the-river,5,Generation,0.0
Lithuania,Hydrorun-of-the-river,6,Generation,0.0
Lithuania,Hydrorun-of-the-river,7,Generation,0.0
Lithuania,Hydrorun-of-the-river,8,Generation,0.0
Switzerland,Austria,1,Transmission,0.0
Switzerland,Austria,2,Transmission,0.0
Switzerland,Austria,3,Transmission,0.0
Switzerland,Austria,4,Transmission,0.0
Switzerland,Austria,5,Transmission,4069.9274987419703
Switzerland,Austria,6,Transmission,0.0
Switzerland,Austria,7,Transmission,0.0
Switzerland,Austria,8,Transmission,0.0
CzechR,Austria,1,Transmission,0.0
CzechR,Austria,2,Transmission,0.0
CzechR,Austria,3,Transmission,0.0
CzechR,Austria,4,Transmission,0.0
CzechR,Austria,5,Transmission,0.0
CzechR,Austria,6,Transmission,0.0
CzechR,Austria,7,Transmission,0.0
CzechR,Austria,8,Transmission,0.0
Germany,Austria,1,Transmission,1532.3693439849299
Germany,Austria,2,Transmission,0.0
Germany,Austria,3,Transmission,0.0
Germany,Austria,4,Transmission,0.0
Germany,Austria,5,Transmission,0.0
Germany,Austria,6,Transmission,0.0
Germany,Austria,7,Transmission,0.0
Germany,Austria,8,Transmission,0.0
Hungary,Austria,1,Transmission,0.0
Hungary,Austria,2,Transmission,0.0
Hungary,Austria,3,Transmission,1262.31330503533
Hungary,Austria,4,Transmission,0.0
Hungary,Austria,5,Transmission,0.0
Hungary,Austria,6,Transmission,0.0
Hungary,Austria,7,Transmission,0.0
Hungary,Austria,8,Transmission,0.0
Italy,Austria,1,Transmission,0.0
Italy,Austria,2,Transmission,0.0
Italy,Austria,3,Transmission,0.0
Italy,Austria,4,Transmission,0.0
Italy,Austria,5,Transmission,995.95721997501
Italy,Austria,6,Transmission,0.0
Italy,Austria,7,Transmission,0.0
Italy,Austria,8,Transmission,0.0
Croatia,BosniaH,1,Transmission,0.0
Croatia,BosniaH,2,Transmission,0.0
Croatia,BosniaH,3,Transmission,0.0
Croatia,BosniaH,4,Transmission,0.0
Croatia,BosniaH,5,Transmission,0.0
Croatia,BosniaH,6,Transmission,0.0
Croatia,BosniaH,7,Transmission,0.0
Croatia,BosniaH,8,Transmission,0.0
Italy,BosniaH,1,Transmission,0.0
Italy,BosniaH,2,Transmission,0.0
Italy,BosniaH,3,Transmission,0.0
Italy,BosniaH,4,Transmission,0.0
Italy,BosniaH,5,Transmission,0.0
Italy,BosniaH,6,Transmission,0.0
Italy,BosniaH,7,Transmission,0.0
Italy,BosniaH,8,Transmission,0.0
Germany,Belgium,1,Transmission,0.0
Germany,Belgium,2,Transmission,0.0
Germany,Belgium,3,Transmission,0.0
Germany,Belgium,4,Transmission,0.0
Germany,Belgium,5,Transmission,0.0
Germany,Belgium,6,Transmission,0.0
Germany,Belgium,7,Transmission,0.0
Germany,Belgium,8,Transmission,0.0
France,Belgium,1,Transmission,0.0
France,Belgium,2,Transmission,0.0
France,Belgium,3,Transmission,0.0
France,Belgium,4,Transmission,0.0
France,Belgium,5,Transmission,0.0
France,Belgium,6,Transmission,0.0
France,Belgium,7,Transmission,0.0
France,Belgium,8,Transmission,0.0
GreatBrit.,Belgium,1,Transmission,1000.0
GreatBrit.,Belgium,2,Transmission,0.0
GreatBrit.,Belgium,3,Transmission,0.0
GreatBrit.,Belgium,4,Transmission,0.0
GreatBrit.,Belgium,5,Transmission,0.0
GreatBrit.,Belgium,6,Transmission,0.0
GreatBrit.,Belgium,7,Transmission,0.0
GreatBrit.,Belgium,8,Transmission,0.0
Luxemb.,Belgium,1,Transmission,0.0
Luxemb.,Belgium,2,Transmission,0.0
Luxemb.,Belgium,3,Transmission,0.0
Luxemb.,Belgium,4,Transmission,0.0
Luxemb.,Belgium,5,Transmission,0.0
Luxemb.,Belgium,6,Transmission,0.0
Luxemb.,Belgium,7,Transmission,0.0
Luxemb.,Belgium,8,Transmission,0.0
Greece,Bulgaria,1,Transmission,0.0
Greece,Bulgaria,2,Transmission,0.0
Greece,Bulgaria,3,Transmission,0.0
Greece,Bulgaria,4,Transmission,0.0
Greece,Bulgaria,5,Transmission,16.64253521033004
Greece,Bulgaria,6,Transmission,0.0
Greece,Bulgaria,7,Transmission,0.0
Greece,Bulgaria,8,Transmission,0.0
Germany,Switzerland,1,Transmission,0.0
Germany,Switzerland,2,Transmission,0.0
Germany,Switzerland,3,Transmission,0.0
Germany,Switzerland,4,Transmission,0.0
Germany,Switzerland,5,Transmission,0.0
Germany,Switzerland,6,Transmission,0.0
Germany,Switzerland,7,Transmission,0.0
Germany,Switzerland,8,Transmission,0.0
France,Switzerland,1,Transmission,0.0
France,Switzerland,2,Transmission,1310.9236023579501
France,Switzerland,3,Transmission,0.0
France,Switzerland,4,Transmission,0.0
France,Switzerland,5,Transmission,0.0
France,Switzerland,6,Transmission,0.0
France,Switzerland,7,Transmission,0.0
France,Switzerland,8,Transmission,0.0
Italy,Switzerland,1,Transmission,0.0
Italy,Switzerland,2,Transmission,332.2493369601498
Italy,Switzerland,3,Transmission,0.0
Italy,Switzerland,4,Transmission,0.0
Italy,Switzerland,5,Transmission,0.0
Italy,Switzerland,6,Transmission,0.0
Italy,Switzerland,7,Transmission,0.0
Italy,Switzerland,8,Transmission,0.0
Germany,CzechR,1,Transmission,575.0
Germany,CzechR,2,Transmission,2224.85827884478
Germany,CzechR,3,Transmission,0.0
Germany,CzechR,4,Transmission,0.0
Germany,CzechR,5,Transmission,0.0
Germany,CzechR,6,Transmission,0.0
Germany,CzechR,7,Transmission,0.0
Germany,CzechR,8,Transmission,0.0
Denmark,Germany,1,Transmission,0.0
Denmark,Germany,2,Transmission,0.0
Denmark,Germany,3,Transmission,0.0
Denmark,Germany,4,Transmission,0.0
Denmark,Germany,5,Transmission,0.0
Denmark,Germany,6,Transmission,0.0
Denmark,Germany,7,Transmission,0.0
Denmark,Germany,8,Transmission,0.0
France,Germany,1,Transmission,0.0
France,Germany,2,Transmission,0.0
France,Germany,3,Transmission,0.0
France,Germany,4,Transmission,14013.557505165601
France,Germany,5,Transmission,0.0
France,Germany,6,Transmission,0.0
France,Germany,7,Transmission,0.0
France,Germany,8,Transmission,0.0
Italy,Germany,1,Transmission,0.0
Italy,Germany,2,Transmission,1000.0
Italy,Germany,3,Transmission,0.0
Italy,Germany,4,Transmission,0.0
Italy,Germany,5,Transmission,0.0
Italy,Germany,6,Transmission,0.0
Italy,Germany,7,Transmission,0.0
Italy,Germany,8,Transmission,0.0
Luxemb.,Germany,1,Transmission,1320.0
Luxemb.,Germany,2,Transmission,486.7299023748501
Luxemb.,Germany,3,Transmission,0.0
Luxemb.,Germany,4,Transmission,0.0
Luxemb.,Germany,5,Transmission,0.0
Luxemb.,Germany,6,Transmission,0.0
Luxemb.,Germany,7,Transmission,0.0
Luxemb.,Germany,8,Transmission,0.0
GreatBrit.,Denmark,1,Transmission,0.0
GreatBrit.,Denmark,2,Transmission,0.0
GreatBrit.,Denmark,3,Transmission,0.0
GreatBrit.,Denmark,4,Transmission,0.0
GreatBrit.,Denmark,5,Transmission,0.0
GreatBrit.,Denmark,6,Transmission,0.0
GreatBrit.,Denmark,7,Transmission,0.0
GreatBrit.,Denmark,8,Transmission,0.0
Finland,Estonia,1,Transmission,0.0
Finland,Estonia,2,Transmission,0.0
Finland,Estonia,3,Transmission,0.0
Finland,Estonia,4,Transmission,0.0
Finland,Estonia,5,Transmission,0.0
Finland,Estonia,6,Transmission,0.0
Finland,Estonia,7,Transmission,0.0
Finland,Estonia,8,Transmission,0.0
France,Spain,1,Transmission,4050.0
France,Spain,2,Transmission,1760.2906934818602
France,Spain,3,Transmission,0.0
France,Spain,4,Transmission,0.0
France,Spain,5,Transmission,0.0
France,Spain,6,Transmission,0.0
France,Spain,7,Transmission,0.0
France,Spain,8,Transmission,0.0
Ireland,Spain,1,Transmission,0.0
Ireland,Spain,2,Transmission,0.0
Ireland,Spain,3,Transmission,0.0
Ireland,Spain,4,Transmission,0.0
Ireland,Spain,5,Transmission,0.0
Ireland,Spain,6,Transmission,0.0
Ireland,Spain,7,Transmission,0.0
Ireland,Spain,8,Transmission,0.0
GreatBrit.,France,1,Transmission,3400.0
GreatBrit.,France,2,Transmission,0.0
GreatBrit.,France,3,Transmission,0.0
GreatBrit.,France,4,Transmission,0.0
GreatBrit.,France,5,Transmission,4600.0
GreatBrit.,France,6,Transmission,0.0
GreatBrit.,France,7,Transmission,0.0
GreatBrit.,France,8,Transmission,0.0
Ireland,France,1,Transmission,0.0
Ireland,France,2,Transmission,699.999999999999
Ireland,France,3,Transmission,0.0
Ireland,France,4,Transmission,0.0
Ireland,France,5,Transmission,0.0
Ireland,France,6,Transmission,0.0
Ireland,France,7,Transmission,0.0
Ireland,France,8,Transmission,0.0
Italy,France,1,Transmission,0.0
Italy,France,2,Transmission,0.0
Italy,France,3,Transmission,0.0
Italy,France,4,Transmission,0.0
Italy,France,5,Transmission,7094.433091775511
Italy,France,6,Transmission,0.0
Italy,France,7,Transmission,0.0
Italy,France,8,Transmission,0.0
Luxemb.,France,1,Transmission,0.0
Luxemb.,France,2,Transmission,1199.25472269183
Luxemb.,France,3,Transmission,0.0
Luxemb.,France,4,Transmission,0.0
Luxemb.,France,5,Transmission,0.0
Luxemb.,France,6,Transmission,0.0
Luxemb.,France,7,Transmission,0.0
Luxemb.,France,8,Transmission,0.0
Ireland,GreatBrit.,1,Transmission,90.0
Ireland,GreatBrit.,2,Transmission,0.0
Ireland,GreatBrit.,3,Transmission,0.0
Ireland,GreatBrit.,4,Transmission,0.0
Ireland,GreatBrit.,5,Transmission,0.0
Ireland,GreatBrit.,6,Transmission,0.0
Ireland,GreatBrit.,7,Transmission,0.0
Ireland,GreatBrit.,8,Transmission,0.0
Italy,Greece,1,Transmission,0.0
Italy,Greece,2,Transmission,0.0
Italy,Greece,3,Transmission,0.0
Italy,Greece,4,Transmission,0.0
Italy,Greece,5,Transmission,0.0
Italy,Greece,6,Transmission,0.0
Italy,Greece,7,Transmission,0.0
Italy,Greece,8,Transmission,0.0
Hungary,Croatia,1,Transmission,0.0
Hungary,Croatia,2,Transmission,0.0
Hungary,Croatia,3,Transmission,0.0
Hungary,Croatia,4,Transmission,0.0
Hungary,Croatia,5,Transmission,0.0
Hungary,Croatia,6,Transmission,0.0
Hungary,Croatia,7,Transmission,0.0
Hungary,Croatia,8,Transmission,0.0
Italy,Croatia,1,Transmission,0.0
Italy,Croatia,2,Transmission,0.0
Italy,Croatia,3,Transmission,0.0
Italy,Croatia,4,Transmission,0.0
Italy,Croatia,5,Transmission,0.0
Italy,Croatia,6,Transmission,0.0
Italy,Croatia,7,Transmission,0.0
Italy,Croatia,8,Transmission,0.0
Austria,HydroPumpStorage,1,Storage Power,0.0
Austria,HydroPumpStorage,2,Storage Power,0.0
Austria,HydroPumpStorage,3,Storage Power,0.0
Austria,HydroPumpStorage,4,Storage Power,0.0
Austria,HydroPumpStorage,5,Storage Power,0.0
Austria,HydroPumpStorage,6,Storage Power,0.0
Austria,HydroPumpStorage,7,Storage Power,2109.0
Austria,HydroPumpStorage,8,Storage Power,0.0
Austria,Li-Ion_BESS,1,Storage Power,1401.3
Austria,Li-Ion_BESS,2,Storage Power,0.0
Austria,Li-Ion_BESS,3,Storage Power,0.0
Austria,Li-Ion_BESS,4,Storage Power,1983.6609311830878
Austria,Li-Ion_BESS,5,Storage Power,527.923878997962
Austria,Li-Ion_BESS,6,Storage Power,190.26991053326674
Austria,Li-Ion_BESS,7,Storage Power,3166.109680025954
Austria,Li-Ion_BESS,8,Storage Power,1108.0368033168543
BosniaH,HydroPumpStorage,1,Storage Power,167.5
BosniaH,HydroPumpStorage,2,Storage Power,0.0
BosniaH,HydroPumpStorage,3,Storage Power,0.0
BosniaH,HydroPumpStorage,4,Storage Power,0.0
BosniaH,HydroPumpStorage,5,Storage Power,0.0
BosniaH,HydroPumpStorage,6,Storage Power,0.0
BosniaH,HydroPumpStorage,7,Storage Power,0.0
BosniaH,HydroPumpStorage,8,Storage Power,0.0
BosniaH,Li-Ion_BESS,1,Storage Power,199.3
BosniaH,Li-Ion_BESS,2,Storage Power,0.0
BosniaH,Li-Ion_BESS,3,Storage Power,0.0
BosniaH,Li-Ion_BESS,4,Storage Power,199.3
BosniaH,Li-Ion_BESS,5,Storage Power,60.0106428499339
BosniaH,Li-Ion_BESS,6,Storage Power,255.61278323776054
BosniaH,Li-Ion_BESS,7,Storage Power,867.2051498381927
BosniaH,Li-Ion_BESS,8,Storage Power,151.92982882851607
Belgium,HydroPumpStorage,1,Storage Power,0.0
Belgium,HydroPumpStorage,2,Storage Power,0.0
Belgium,HydroPumpStorage,3,Storage Power,0.0
Belgium,HydroPumpStorage,4,Storage Power,654.0
Belgium,HydroPumpStorage,5,Storage Power,0.0
Belgium,HydroPumpStorage,6,Storage Power,0.0
Belgium,HydroPumpStorage,7,Storage Power,0.0
Belgium,HydroPumpStorage,8,Storage Power,0.0
Belgium,Li-Ion_BESS,1,Storage Power,1310.9299999999998
Belgium,Li-Ion_BESS,2,Storage Power,385.1307513290394
Belgium,Li-Ion_BESS,3,Storage Power,443.2694561151138
Belgium,Li-Ion_BESS,4,Storage Power,1626.364518408287
Belgium,Li-Ion_BESS,5,Storage Power,2528.07268680817
Belgium,Li-Ion_BESS,6,Storage Power,1672.6236854376739
Belgium,Li-Ion_BESS,7,Storage Power,4759.3781218569275
Belgium,Li-Ion_BESS,8,Storage Power,2694.9866818638575
Bulgaria,HydroPumpStorage,1,Storage Power,0.0
Bulgaria,HydroPumpStorage,2,Storage Power,0.0
Bulgaria,HydroPumpStorage,3,Storage Power,0.0
Bulgaria,HydroPumpStorage,4,Storage Power,0.0
Bulgaria,HydroPumpStorage,5,Storage Power,0.0
Bulgaria,HydroPumpStorage,6,Storage Power,527.0
Bulgaria,HydroPumpStorage,7,Storage Power,0.0
Bulgaria,HydroPumpStorage,8,Storage Power,0.0
Bulgaria,Li-Ion_BESS,1,Storage Power,583.6
Bulgaria,Li-Ion_BESS,2,Storage Power,0.0
Bulgaria,Li-Ion_BESS,3,Storage Power,5.0
Bulgaria,Li-Ion_BESS,4,Storage Power,673.4529067652768
Bulgaria,Li-Ion_BESS,5,Storage Power,332.0152224431864
Bulgaria,Li-Ion_BESS,6,Storage Power,81.49306597698285
Bulgaria,Li-Ion_BESS,7,Storage Power,1054.0771156508197
Bulgaria,Li-Ion_BESS,8,Storage Power,332.01522244318653
Switzerland,HydroPumpStorage,1,Storage Power,0.0
Switzerland,HydroPumpStorage,2,Storage Power,0.0
Switzerland,HydroPumpStorage,3,Storage Power,0.0
Switzerland,HydroPumpStorage,4,Storage Power,0.0
Switzerland,HydroPumpStorage,5,Storage Power,0.0
Switzerland,HydroPumpStorage,6,Storage Power,932.0
Switzerland,HydroPumpStorage,7,Storage Power,0.0
Switzerland,HydroPumpStorage,8,Storage Power,0.0
Switzerland,Li-Ion_BESS,1,Storage Power,1541.3
Switzerland,Li-Ion_BESS,2,Storage Power,0.0
Switzerland,Li-Ion_BESS,3,Storage Power,49.657142857142844
Switzerland,Li-Ion_BESS,4,Storage Power,1546.7221306189167
Switzerland,Li-Ion_BESS,5,Storage Power,285.549297952512
Switzerland,Li-Ion_BESS,6,Storage Power,0.0
Switzerland,Li-Ion_BESS,7,Storage Power,1334.750702047488
Switzerland,Li-Ion_BESS,8,Storage Power,592.9492979525121
CzechR,HydroPumpStorage,1,Storage Power,0.0
CzechR,HydroPumpStorage,2,Storage Power,0.0
CzechR,HydroPumpStorage,3,Storage Power,0.0
CzechR,HydroPumpStorage,4,Storage Power,0.0
CzechR,HydroPumpStorage,5,Storage Power,0.0
CzechR,HydroPumpStorage,6,Storage Power,0.0
CzechR,HydroPumpStorage,7,Storage Power,586.0
CzechR,HydroPumpStorage,8,Storage Power,0.0
CzechR,Li-Ion_BESS,1,Storage Power,1215.5
CzechR,Li-Ion_BESS,2,Storage Power,10.769871922642551
CzechR,Li-Ion_BESS,3,Storage Power,192.96217426599492
CzechR,Li-Ion_BESS,4,Storage Power,1687.498922355402
CzechR,Li-Ion_BESS,5,Storage Power,2129.55691598903
CzechR,Li-Ion_BESS,6,Storage Power,214.37918065963504
CzechR,Li-Ion_BESS,7,Storage Power,2529.6282828390936
CzechR,Li-Ion_BESS,8,Storage Power,2486.4909557113588
Germany,HydroPumpStorage,1,Storage Power,0.0
Germany,HydroPumpStorage,2,Storage Power,0.0
Germany,HydroPumpStorage,3,Storage Power,0.0
Germany,HydroPumpStorage,4,Storage Power,0.0
Germany,HydroPumpStorage,5,Storage Power,0.0
Germany,HydroPumpStorage,6,Storage Power,0.0
Germany,HydroPumpStorage,7,Storage Power,2647.0
Germany,HydroPumpStorage,8,Storage Power,0.0
Germany,Li-Ion_BESS,1,Storage Power,11701.500000000002
Germany,Li-Ion_BESS,2,Storage Power,254.16994649110165
Germany,Li-Ion_BESS,3,Storage Power,917.3921132316118
Germany,Li-Ion_BESS,4,Storage Power,13216.704034808736
Germany,Li-Ion_BESS,5,Storage Power,11125.45625753701
Germany,Li-Ion_BESS,6,Storage Power,3453.9316155641354
Germany,Li-Ion_BESS,7,Storage Power,23305.094835097872
Germany,Li-Ion_BESS,8,Storage Power,13661.279819797026
Denmark,Li-Ion_BESS,1,Storage Power,892.5
Denmark,Li-Ion_BESS,2,Storage Power,237.0356398002366
Denmark,Li-Ion_BESS,3,Storage Power,0.0
Denmark,Li-Ion_BESS,4,Storage Power,987.1053287046075
Denmark,Li-Ion_BESS,5,Storage Power,1086.331951716617
Denmark,Li-Ion_BESS,6,Storage Power,1035.3404020542598
Denmark,Li-Ion_BESS,7,Storage Power,4973.632974933731
Denmark,Li-Ion_BESS,8,Storage Power,2591.7266230120094
Estonia,Li-Ion_BESS,1,Storage Power,371.8891954833972
Estonia,Li-Ion_BESS,2,Storage Power,0.0
Estonia,Li-Ion_BESS,3,Storage Power,0.0
Estonia,Li-Ion_BESS,4,Storage Power,371.8891954833972
Estonia,Li-Ion_BESS,5,Storage Power,250.24510706167928
Estonia,Li-Ion_BESS,6,Storage Power,79.5526532537657
Estonia,Li-Ion_BESS,7,Storage Power,694.6183229558721
Estonia,Li-Ion_BESS,8,Storage Power,1345.8277211381965
Spain,HydroPumpStorage,1,Storage Power,0.0
Spain,HydroPumpStorage,2,Storage Power,3201.0
Spain,HydroPumpStorage,3,Storage Power,0.0
Spain,HydroPumpStorage,4,Storage Power,0.0
Spain,HydroPumpStorage,5,Storage Power,0.0
Spain,HydroPumpStorage,6,Storage Power,0.0
Spain,HydroPumpStorage,7,Storage Power,0.0
Spain,HydroPumpStorage,8,Storage Power,0.0
Spain,Li-Ion_BESS,1,Storage Power,4931.700000000001
Spain,Li-Ion_BESS,2,Storage Power,0.0
Spain,Li-Ion_BESS,3,Storage Power,0.0
Spain,Li-Ion_BESS,4,Storage Power,5649.359814037461
Spain,Li-Ion_BESS,5,Storage Power,716.5317343340876
Spain,Li-Ion_BESS,6,Storage Power,0.0
Spain,Li-Ion_BESS,7,Storage Power,5649.606280003715
Spain,Li-Ion_BESS,8,Storage Power,1567.3434532369993
Finland,HydroPumpStorage,1,Storage Power,0.0
Finland,HydroPumpStorage,2,Storage Power,0.0
Finland,HydroPumpStorage,3,Storage Power,0.0
Finland,HydroPumpStorage,4,Storage Power,0.0
Finland,HydroPumpStorage,5,Storage Power,0.0
Finland,HydroPumpStorage,6,Storage Power,0.0
Finland,HydroPumpStorage,7,Storage Power,0.0
Finland,HydroPumpStorage,8,Storage Power,0.0
Finland,Li-Ion_BESS,1,Storage Power,1083.3214694419594
Finland,Li-Ion_BESS,2,Storage Power,271.7507138837527
Finland,Li-Ion_BESS,3,Storage Power,268.5330291010291
Finland,Li-Ion_BESS,4,Storage Power,1340.2018984503354
Finland,Li-Ion_BESS,5,Storage Power,1724.3370695896676
Finland,Li-Ion_BESS,6,Storage Power,639.5869018420976
Finland,Li-Ion_BESS,7,Storage Power,3378.4083227170895
Finland,Li-Ion_BESS,8,Storage Power,5955.584692674018
France,HydroPumpStorage,1,Storage Power,0.0
France,HydroPumpStorage,2,Storage Power,1227.5
France,HydroPumpStorage,3,Storage Power,0.0
France,HydroPumpStorage,4,Storage Power,0.0
France,HydroPumpStorage,5,Storage Power,0.0
France,HydroPumpStorage,6,Storage Power,0.0
France,HydroPumpStorage,7,Storage Power,1227.5
France,HydroPumpStorage,8,Storage Power,0.0
France,Li-Ion_BESS,1,Storage Power,10807.2
France,Li-Ion_BESS,2,Storage Power,0.0
France,Li-Ion_BESS,3,Storage Power,0.0
France,Li-Ion_BESS,4,Storage Power,12138.055569652792
France,Li-Ion_BESS,5,Storage Power,10614.889898818557
France,Li-Ion_BESS,6,Storage Power,2113.546949709933
France,Li-Ion_BESS,7,Storage Power,15884.856969761422
France,Li-Ion_BESS,8,Storage Power,13135.316068586653
GreatBrit.,HydroPumpStorage,1,Storage Power,0.0
GreatBrit.,HydroPumpStorage,2,Storage Power,0.0
GreatBrit.,HydroPumpStorage,3,Storage Power,0.0
GreatBrit.,HydroPumpStorage,4,Storage Power,0.0
GreatBrit.,HydroPumpStorage,5,Storage Power,0.0
GreatBrit.,HydroPumpStorage,6,Storage Power,0.0
GreatBrit.,HydroPumpStorage,7,Storage Power,0.0
GreatBrit.,HydroPumpStorage,8,Storage Power,0.0
GreatBrit.,Li-Ion_BESS,1,Storage Power,5646.57286058327
GreatBrit.,Li-Ion_BESS,2,Storage Power,491.45649880036217
GreatBrit.,Li-Ion_BESS,3,Storage Power,1153.1863004592415
GreatBrit.,Li-Ion_BESS,4,Storage Power,8108.008551436189
GreatBrit.,Li-Ion_BESS,5,Storage Power,8115.141709916821
GreatBrit.,Li-Ion_BESS,6,Storage Power,4034.2066977753857
GreatBrit.,Li-Ion_BESS,7,Storage Power,13993.344544269698
GreatBrit.,Li-Ion_BESS,8,Storage Power,10884.478591810912
Greece,HydroPumpStorage,1,Storage Power,349.5
Greece,HydroPumpStorage,2,Storage Power,0.0
Greece,HydroPumpStorage,3,Storage Power,0.0
Greece,HydroPumpStorage,4,Storage Power,0.0
Greece,HydroPumpStorage,5,Storage Power,0.0
Greece,HydroPumpStorage,6,Storage Power,0.0
Greece,HydroPumpStorage,7,Storage Power,0.0
Greece,HydroPumpStorage,8,Storage Power,349.5
Greece,Li-Ion_BESS,1,Storage Power,872.3910951580672
Greece,Li-Ion_BESS,2,Storage Power,72.05000000000007
Greece,Li-Ion_BESS,3,Storage Power,17.083933654590396
Greece,Li-Ion_BESS,4,Storage Power,996.5398187647227
Greece,Li-Ion_BESS,5,Storage Power,897.4444632383364
Greece,Li-Ion_BESS,6,Storage Power,259.2243938987135
Greece,Li-Ion_BESS,7,Storage Power,1986.9684487162249
Greece,Li-Ion_BESS,8,Storage Power,1273.6517800540428
Croatia,HydroPumpStorage,1,Storage Power,0.0
Croatia,HydroPumpStorage,2,Storage Power,0.0
Croatia,HydroPumpStorage,3,Storage Power,0.0
Croatia,HydroPumpStorage,4,Storage Power,0.0
Croatia,HydroPumpStorage,5,Storage Power,0.0
Croatia,HydroPumpStorage,6,Storage Power,140.5
Croatia,HydroPumpStorage,7,Storage Power,0.0
Croatia,HydroPumpStorage,8,Storage Power,0.0
Croatia,Li-Ion_BESS,1,Storage Power,242.20000000000002
Croatia,Li-Ion_BESS,2,Storage Power,0.0
Croatia,Li-Ion_BESS,3,Storage Power,110.17107902193132
Croatia,Li-Ion_BESS,4,Storage Power,242.20000000000002
Croatia,Li-Ion_BESS,5,Storage Power,256.75384861731925
Croatia,Li-Ion_BESS,6,Storage Power,311.2382077237645
Croatia,Li-Ion_BESS,7,Storage Power,341.07444369945745
Croatia,Li-Ion_BESS,8,Storage Power,262.7687225420923
Hungary,HydroPumpStorage,1,Storage Power,14.0
Hungary,HydroPumpStorage,2,Storage Power,0.0
Hungary,HydroPumpStorage,3,Storage Power,0.0
Hungary,HydroPumpStorage,4,Storage Power,0.0
Hungary,HydroPumpStorage,5,Storage Power,0.0
Hungary,HydroPumpStorage,6,Storage Power,0.0
Hungary,HydroPumpStorage,7,Storage Power,14.0
Hungary,HydroPumpStorage,8,Storage Power,0.0
Hungary,Li-Ion_BESS,1,Storage Power,582.2
Hungary,Li-Ion_BESS,2,Storage Power,137.4419766473667
Hungary,Li-Ion_BESS,3,Storage Power,121.81956351694555
Hungary,Li-Ion_BESS,4,Storage Power,956.1775609337883
Hungary,Li-Ion_BESS,5,Storage Power,606.0602893167493
Hungary,Li-Ion_BESS,6,Storage Power,614.0473846402815
Hungary,Li-Ion_BESS,7,Storage Power,1950.5218848191198
Hungary,Li-Ion_BESS,8,Storage Power,881.455397788221
Ireland,HydroPumpStorage,1,Storage Power,0.0
Ireland,HydroPumpStorage,2,Storage Power,0.0
Ireland,HydroPumpStorage,3,Storage Power,146.0
Ireland,HydroPumpStorage,4,Storage Power,0.0
Ireland,HydroPumpStorage,5,Storage Power,0.0
Ireland,HydroPumpStorage,6,Storage Power,0.0
Ireland,HydroPumpStorage,7,Storage Power,0.0
Ireland,HydroPumpStorage,8,Storage Power,146.0
Ireland,Li-Ion_BESS,1,Storage Power,680.1
Ireland,Li-Ion_BESS,2,Storage Power,9.0
Ireland,Li-Ion_BESS,3,Storage Power,12.934899829927872
Ireland,Li-Ion_BESS,4,Storage Power,905.3609507037893
Ireland,Li-Ion_BESS,5,Storage Power,198.22371246118541
Ireland,Li-Ion_BESS,6,Storage Power,826.2819165413871
Ireland,Li-Ion_BESS,7,Storage Power,1842.96058666582
Ireland,Li-Ion_BESS,8,Storage Power,329.63619134845703
Italy,HydroPumpStorage,1,Storage Power,4384.0
Italy,HydroPumpStorage,2,Storage Power,0.0
Italy,HydroPumpStorage,3,Storage Power,0.0
Italy,HydroPumpStorage,4,Storage Power,0.0
Italy,HydroPumpStorage,5,Storage Power,0.0
Italy,HydroPumpStorage,6,Storage Power,4384.0
Italy,HydroPumpStorage,7,Storage Power,0.0
Italy,HydroPumpStorage,8,Storage Power,0.0
Italy,Li-Ion_BESS,1,Storage Power,7279.2
Italy,Li-Ion_BESS,2,Storage Power,3.800000000000182
Italy,Li-Ion_BESS,3,Storage Power,802.2694729251107
Italy,Li-Ion_BESS,4,Storage Power,8861.325577226675
Italy,Li-Ion_BESS,5,Storage Power,5121.24637373764
Italy,Li-Ion_BESS,6,Storage Power,0.0
Italy,Li-Ion_BESS,7,Storage Power,14742.220519552628
Italy,Li-Ion_BESS,8,Storage Power,6820.407682158535
Lithuania,HydroPumpStorage,1,Storage Power,0.0
Lithuania,HydroPumpStorage,2,Storage Power,0.0
Lithuania,HydroPumpStorage,3,Storage Power,0.0
Lithuania,HydroPumpStorage,4,Storage Power,450.0
Lithuania,HydroPumpStorage,5,Storage Power,0.0
Lithuania,HydroPumpStorage,6,Storage Power,0.0
Lithuania,HydroPumpStorage,7,Storage Power,0.0
Lithuania,HydroPumpStorage,8,Storage Power,0.0
Lithuania,Li-Ion_BESS,1,Storage Power,208.87554105440066
Lithuania,Li-Ion_BESS,2,Storage Power,26.180439069822995
Lithuania,Li-Ion_BESS,3,Storage Power,130.3
Lithuania,Li-Ion_BESS,4,Storage Power,208.87554105440066
Lithuania,Li-Ion_BESS,5,Storage Power,26.180439069822967
Lithuania,Li-Ion_BESS,6,Storage Power,196.06567855521334
Lithuania,Li-Ion_BESS,7,Storage Power,323.4656780129301
Lithuania,Li-Ion_BESS,8,Storage Power,50.73127746477837
Luxemb.,HydroPumpStorage,1,Storage Power,0.0
Luxemb.,HydroPumpStorage,2,Storage Power,0.0
Luxemb.,HydroPumpStorage,3,Storage Power,648.0
Luxemb.,HydroPumpStorage,4,Storage Power,0.0
Luxemb.,HydroPumpStorage,5,Storage Power,0.0
Luxemb.,HydroPumpStorage,6,Storage Power,0.0
Luxemb.,HydroPumpStorage,7,Storage Power,0.0
Luxemb.,HydroPumpStorage,8,Storage Power,648.0
Luxemb.,Li-Ion_BESS,1,Storage Power,106.52084798521696
Luxemb.,Li-Ion_BESS,2,Storage Power,24.5568161213381
Luxemb.,Li-Ion_BESS,3,Storage Power,27.856127366903706
Luxemb.,Li-Ion_BESS,4,Storage Power,180.9678472821867
Luxemb.,Li-Ion_BESS,5,Storage Power,235.3851194191302
Luxemb.,Li-Ion_BESS,6,Storage Power,186.57662402564057
Luxemb.,Li-Ion_BESS,7,Storage Power,404.6423936722684
Luxemb.,Li-Ion_BESS,8,Storage Power,291.4394219574457
Austria,HydroPumpStorage,1,Storage Energy,0.0
Austria,HydroPumpStorage,2,Storage Energy,0.0
Austria,HydroPumpStorage,3,Storage Energy,0.0
Austria,HydroPumpStorage,4,Storage Energy,0.0
Austria,HydroPumpStorage,5,Storage Energy,0.0
Austria,HydroPumpStorage,6,Storage Energy,12470.400000000023
Austria,HydroPumpStorage,7,Storage Energy,0.0
Austria,HydroPumpStorage,8,Storage Energy,0.0
Austria,Li-Ion_BESS,1,Storage Energy,2802.6
Austria,Li-Ion_BESS,2,Storage Energy,0.0
Austria,Li-Ion_BESS,3,Storage Energy,0.0
Austria,Li-Ion_BESS,4,Storage Energy,3967.3218623661755
Austria,Li-Ion_BESS,5,Storage Energy,1055.847757995924
Austria,Li-Ion_BESS,6,Storage Energy,380.5398210665335
Austria,Li-Ion_BESS,7,Storage Energy,6332.219360051908
Austria,Li-Ion_BESS,8,Storage Energy,2216.0736066337086
BosniaH,HydroPumpStorage,1,Storage Energy,0.0
BosniaH,HydroPumpStorage,2,Storage Energy,0.0
BosniaH,HydroPumpStorage,3,Storage Energy,0.0
BosniaH,HydroPumpStorage,4,Storage Energy,0.0
BosniaH,HydroPumpStorage,5,Storage Energy,0.0
BosniaH,HydroPumpStorage,6,Storage Energy,0.0
BosniaH,HydroPumpStorage,7,Storage Energy,219.9340000000002
BosniaH,HydroPumpStorage,8,Storage Energy,0.0
BosniaH,Li-Ion_BESS,1,Storage Energy,398.6
BosniaH,Li-Ion_BESS,2,Storage Energy,0.0
BosniaH,Li-Ion_BESS,3,Storage Energy,0.0
BosniaH,Li-Ion_BESS,4,Storage Energy,398.6
BosniaH,Li-Ion_BESS,5,Storage Energy,120.0212856998678
BosniaH,Li-Ion_BESS,6,Storage Energy,511.2255664755211
BosniaH,Li-Ion_BESS,7,Storage Energy,1734.4102996763854
BosniaH,Li-Ion_BESS,8,Storage Energy,303.85965765703213
Belgium,HydroPumpStorage,1,Storage Energy,776.25
Belgium,HydroPumpStorage,2,Storage Energy,0.0
Belgium,HydroPumpStorage,3,Storage Energy,0.0
Belgium,HydroPumpStorage,4,Storage Energy,0.0
Belgium,HydroPumpStorage,5,Storage Energy,0.0
Belgium,HydroPumpStorage,6,Storage Energy,776.25
Belgium,HydroPumpStorage,7,Storage Energy,0.0
Belgium,HydroPumpStorage,8,Storage Energy,0.0
Belgium,Li-Ion_BESS,1,Storage Energy,2621.8599999999997
Belgium,Li-Ion_BESS,2,Storage Energy,770.2615026580788
Belgium,Li-Ion_BESS,3,Storage Energy,886.5389122302277
Belgium,Li-Ion_BESS,4,Storage Energy,3252.729036816574
Belgium,Li-Ion_BESS,5,Storage Energy,5056.14537361634
Belgium,Li-Ion_BESS,6,Storage Energy,3345.2473708753478
Belgium,Li-Ion_BESS,7,Storage Energy,9518.756243713855
Belgium,Li-Ion_BESS,8,Storage Energy,5389.973363727715
Bulgaria,HydroPumpStorage,1,Storage Energy,0.0
Bulgaria,HydroPumpStorage,2,Storage Energy,0.0
Bulgaria,HydroPumpStorage,3,Storage Energy,0.0
Bulgaria,HydroPumpStorage,4,Storage Energy,0.0
Bulgaria,HydroPumpStorage,5,Storage Energy,0.0
Bulgaria,HydroPumpStorage,6,Storage Energy,0.0
Bulgaria,HydroPumpStorage,7,Storage Energy,0.0
Bulgaria,HydroPumpStorage,8,Storage Energy,149.92000000000007
Bulgaria,Li-Ion_BESS,1,Storage Energy,1167.2
Bulgaria,Li-Ion_BESS,2,Storage Energy,0.0
Bulgaria,Li-Ion_BESS,3,Storage Energy,10.0
Bulgaria,Li-Ion_BESS,4,Storage Energy,1346.9058135305536
Bulgaria,Li-Ion_BESS,5,Storage Energy,664.0304448863728
Bulgaria,Li-Ion_BESS,6,Storage Energy,162.9861319539657
Bulgaria,Li-Ion_BESS,7,Storage Energy,2108.1542313016394
Bulgaria,Li-Ion_BESS,8,Storage Energy,664.0304448863731
Switzerland,HydroPumpStorage,1,Storage Energy,36898.90000000002
Switzerland,HydroPumpStorage,2,Storage Energy,0.0
Switzerland,HydroPumpStorage,3,Storage Energy,0.0
Switzerland,HydroPumpStorage,4,Storage Energy,0.0
Switzerland,HydroPumpStorage,5,Storage Energy,0.0
Switzerland,HydroPumpStorage,6,Storage Energy,36898.90000000002
Switzerland,HydroPumpStorage,7,Storage Energy,0.0
Switzerland,HydroPumpStorage,8,Storage Energy,0.0
Switzerland,Li-Ion_BESS,1,Storage Energy,3082.6
Switzerland,Li-Ion_BESS,2,Storage Energy,0.0
Switzerland,Li-Ion_BESS,3,Storage Energy,99.31428571428569
Switzerland,Li-Ion_BESS,4,Storage Energy,3093.4442612378334
Switzerland,Li-Ion_BESS,5,Storage Energy,571.098595905024
Switzerland,Li-Ion_BESS,6,Storage Energy,0.0
Switzerland,Li-Ion_BESS,7,Storage Energy,2669.501404094976
Switzerland,Li-Ion_BESS,8,Storage Energy,1185.8985959050242
CzechR,HydroPumpStorage,1,Storage Energy,0.0
CzechR,HydroPumpStorage,2,Storage Energy,0.0
CzechR,HydroPumpStorage,3,Storage Energy,0.0
CzechR,HydroPumpStorage,4,Storage Energy,0.0
CzechR,HydroPumpStorage,5,Storage Energy,0.0
CzechR,HydroPumpStorage,6,Storage Energy,0.0
CzechR,HydroPumpStorage,7,Storage Energy,672.3500000000004
CzechR,HydroPumpStorage,8,Storage Energy,0.0
CzechR,Li-Ion_BESS,1,Storage Energy,2431.0
CzechR,Li-Ion_BESS,2,Storage Energy,21.539743845285102
CzechR,Li-Ion_BESS,3,Storage Energy,385.92434853198984
CzechR,Li-Ion_BESS,4,Storage Energy,3374.997844710804
CzechR,Li-Ion_BESS,5,Storage Energy,4259.11383197806
CzechR,Li-Ion_BESS,6,Storage Energy,428.7583613192701
CzechR,Li-Ion_BESS,7,Storage Energy,5059.256565678187
CzechR,Li-Ion_BESS,8,Storage Energy,4972.9819114227175
Germany,HydroPumpStorage,1,Storage Energy,0.0
Germany,HydroPumpStorage,2,Storage Energy,3862.600000000006
Germany,HydroPumpStorage,3,Storage Energy,0.0
Germany,HydroPumpStorage,4,Storage Energy,0.0
Germany,HydroPumpStorage,5,Storage Energy,0.0
Germany,HydroPumpStorage,6,Storage Energy,0.0
Germany,HydroPumpStorage,7,Storage Energy,0.0
Germany,HydroPumpStorage,8,Storage Energy,3862.600000000006
Germany,Li-Ion_BESS,1,Storage Energy,23403.000000000004
Germany,Li-Ion_BESS,2,Storage Energy,508.3398929822033
Germany,Li-Ion_BESS,3,Storage Energy,1834.7842264632236
Germany,Li-Ion_BESS,4,Storage Energy,26433.40806961747
Germany,Li-Ion_BESS,5,Storage Energy,22250.91251507402
Germany,Li-Ion_BESS,6,Storage Energy,6907.863231128271
Germany,Li-Ion_BESS,7,Storage Energy,46610.189670195745
Germany,Li-Ion_BESS,8,Storage Energy,27322.559639594052
Denmark,Li-Ion_BESS,1,Storage Energy,1785.0
Denmark,Li-Ion_BESS,2,Storage Energy,474.0712796004732
Denmark,Li-Ion_BESS,3,Storage Energy,0.0
Denmark,Li-Ion_BESS,4,Storage Energy,1974.210657409215
Denmark,Li-Ion_BESS,5,Storage Energy,2172.663903433234
Denmark,Li-Ion_BESS,6,Storage Energy,2070.6808041085196
Denmark,Li-Ion_BESS,7,Storage Energy,9947.265949867462
Denmark,Li-Ion_BESS,8,Storage Energy,5183.453246024019
Estonia,Li-Ion_BESS,1,Storage Energy,743.7783909667944
Estonia,Li-Ion_BESS,2,Storage Energy,0.0
Estonia,Li-Ion_BESS,3,Storage Energy,0.0
Estonia,Li-Ion_BESS,4,Storage Energy,743.7783909667944
Estonia,Li-Ion_BESS,5,Storage Energy,500.49021412335856
Estonia,Li-Ion_BESS,6,Storage Energy,159.1053065075314
Estonia,Li-Ion_BESS,7,Storage Energy,1389.2366459117443
Estonia,Li-Ion_BESS,8,Storage Energy,2691.655442276393
Spain,HydroPumpStorage,1,Storage Energy,0.0
Spain,HydroPumpStorage,2,Storage Energy,0.0
Spain,HydroPumpStorage,3,Storage Energy,0.0
Spain,HydroPumpStorage,4,Storage Energy,153015.09100000001
Spain,HydroPumpStorage,5,Storage Energy,0.0
Spain,HydroPumpStorage,6,Storage Energy,0.0
Spain,HydroPumpStorage,7,Storage Energy,0.0
Spain,HydroPumpStorage,8,Storage Energy,0.0
Spain,Li-Ion_BESS,1,Storage Energy,9863.400000000001
Spain,Li-Ion_BESS,2,Storage Energy,0.0
Spain,Li-Ion_BESS,3,Storage Energy,0.0
Spain,Li-Ion_BESS,4,Storage Energy,11298.719628074921
Spain,Li-Ion_BESS,5,Storage Energy,1433.0634686681751
Spain,Li-Ion_BESS,6,Storage Energy,0.0
Spain,Li-Ion_BESS,7,Storage Energy,11299.21256000743
Spain,Li-Ion_BESS,8,Storage Energy,3134.6869064739985
Finland,HydroPumpStorage,1,Storage Energy,0.0
Finland,HydroPumpStorage,2,Storage Energy,0.0
Finland,HydroPumpStorage,3,Storage Energy,0.0
Finland,HydroPumpStorage,4,Storage Energy,0.0
Finland,HydroPumpStorage,5,Storage Energy,0.0
Finland,HydroPumpStorage,6,Storage Energy,0.0
Finland,HydroPumpStorage,7,Storage Energy,0.0
Finland,HydroPumpStorage,8,Storage Energy,0.0
Finland,Li-Ion_BESS,1,Storage Energy,2166.6429388839188
Finland,Li-Ion_BESS,2,Storage Energy,543.5014277675054
Finland,Li-Ion_BESS,3,Storage Energy,537.0660582020582
Finland,Li-Ion_BESS,4,Storage Energy,2680.403796900671
Finland,Li-Ion_BESS,5,Storage Energy,3448.6741391793353
Finland,Li-Ion_BESS,6,Storage Energy,1279.1738036841953
Finland,Li-Ion_BESS,7,Storage Energy,6756.816645434179
Finland,Li-Ion_BESS,8,Storage Energy,11911.169385348036
France,HydroPumpStorage,1,Storage Energy,0.0
France,HydroPumpStorage,2,Storage Energy,0.0
France,HydroPumpStorage,3,Storage Energy,0.0
France,HydroPumpStorage,4,Storage Energy,0.0
France,HydroPumpStorage,5,Storage Energy,0.0
France,HydroPumpStorage,6,Storage Energy,0.0
France,HydroPumpStorage,7,Storage Energy,0.0
France,HydroPumpStorage,8,Storage Energy,0.0
France,Li-Ion_BESS,1,Storage Energy,21614.4
France,Li-Ion_BESS,2,Storage Energy,0.0
France,Li-Ion_BESS,3,Storage Energy,0.0
France,Li-Ion_BESS,4,Storage Energy,24276.111139305583
France,Li-Ion_BESS,5,Storage Energy,21229.779797637115
France,Li-Ion_BESS,6,Storage Energy,4227.093899419866
France,Li-Ion_BESS,7,Storage Energy,31769.713939522844
France,Li-Ion_BESS,8,Storage Energy,26270.632137173307
GreatBrit.,HydroPumpStorage,1,Storage Energy,3343.2000000000044
GreatBrit.,HydroPumpStorage,2,Storage Energy,0.0
GreatBrit.,HydroPumpStorage,3,Storage Energy,0.0
GreatBrit.,HydroPumpStorage,4,Storage Energy,0.0
GreatBrit.,HydroPumpStorage,5,Storage Energy,0.0
GreatBrit.,HydroPumpStorage,6,Storage Energy,0.0
GreatBrit.,HydroPumpStorage,7,Storage Energy,3343.2000000000044
GreatBrit.,HydroPumpStorage,8,Storage Energy,0.0
GreatBrit.,Li-Ion_BESS,1,Storage Energy,11293.14572116654
GreatBrit.,Li-Ion_BESS,2,Storage Energy,982.9129976007243
GreatBrit.,Li-Ion_BESS,3,Storage Energy,2306.372600918483
GreatBrit.,Li-Ion_BESS,4,Storage Energy,16216.017102872378
GreatBrit.,Li-Ion_BESS,5,Storage Energy,16230.283419833642
GreatBrit.,Li-Ion_BESS,6,Storage Energy,8068.413395550771
GreatBrit.,Li-Ion_BESS,7,Storage Energy,27986.689088539395
GreatBrit.,Li-Ion_BESS,8,Storage Energy,21768.957183621824
Greece,HydroPumpStorage,1,Storage Energy,2119.0440000000017
Greece,HydroPumpStorage,2,Storage Energy,0.0
Greece,HydroPumpStorage,3,Storage Energy,0.0
Greece,HydroPumpStorage,4,Storage Energy,0.0
Greece,HydroPumpStorage,5,Storage Energy,0.0
Greece,HydroPumpStorage,6,Storage Energy,0.0
Greece,HydroPumpStorage,7,Storage Energy,0.0
Greece,HydroPumpStorage,8,Storage Energy,0.0
Greece,Li-Ion_BESS,1,Storage Energy,1744.7821903161343
Greece,Li-Ion_BESS,2,Storage Energy,144.10000000000014
Greece,Li-Ion_BESS,3,Storage Energy,34.16786730918079
Greece,Li-Ion_BESS,4,Storage Energy,1993.0796375294453
Greece,Li-Ion_BESS,5,Storage Energy,1794.8889264766729
Greece,Li-Ion_BESS,6,Storage Energy,518.448787797427
Greece,Li-Ion_BESS,7,Storage Energy,3973.9368974324498
Greece,Li-Ion_BESS,8,Storage Energy,2547.3035601080855
Croatia,HydroPumpStorage,1,Storage Energy,0.0
Croatia,HydroPumpStorage,2,Storage Energy,0.0
Croatia,HydroPumpStorage,3,Storage Energy,0.0
Croatia,HydroPumpStorage,4,Storage Energy,0.0
Croatia,HydroPumpStorage,5,Storage Energy,0.0
Croatia,HydroPumpStorage,6,Storage Energy,0.0
Croatia,HydroPumpStorage,7,Storage Energy,0.0
Croatia,HydroPumpStorage,8,Storage Energy,0.0
Croatia,Li-Ion_BESS,1,Storage Energy,484.40000000000003
Croatia,Li-Ion_BESS,2,Storage Energy,0.0
Croatia,Li-Ion_BESS,3,Storage Energy,220.34215804386264
Croatia,Li-Ion_BESS,4,Storage Energy,484.40000000000003
Croatia,Li-Ion_BESS,5,Storage Energy,513.5076972346385
Croatia,Li-Ion_BESS,6,Storage Energy,622.476415447529
Croatia,Li-Ion_BESS,7,Storage Energy,682.1488873989149
Croatia,Li-Ion_BESS,8,Storage Energy,525.5374450841846
Hungary,HydroPumpStorage,1,Storage Energy,0.0
Hungary,HydroPumpStorage,2,Storage Energy,0.0
Hungary,HydroPumpStorage,3,Storage Energy,0.0
Hungary,HydroPumpStorage,4,Storage Energy,0.0
Hungary,HydroPumpStorage,5,Storage Energy,0.0
Hungary,HydroPumpStorage,6,Storage Energy,149.92000000000007
Hungary,HydroPumpStorage,7,Storage Energy,0.0
Hungary,HydroPumpStorage,8,Storage Energy,0.0
Hungary,Li-Ion_BESS,1,Storage Energy,1164.4
Hungary,Li-Ion_BESS,2,Storage Energy,274.8839532947334
Hungary,Li-Ion_BESS,3,Storage Energy,243.6391270338911
Hungary,Li-Ion_BESS,4,Storage Energy,1912.3551218675766
Hungary,Li-Ion_BESS,5,Storage Energy,1212.1205786334986
Hungary,Li-Ion_BESS,6,Storage Energy,1228.094769280563
Hungary,Li-Ion_BESS,7,Storage Energy,3901.0437696382396
Hungary,Li-Ion_BESS,8,Storage Energy,1762.910795576442
Ireland,HydroPumpStorage,1,Storage Energy,219.9340000000002
Ireland,HydroPumpStorage,2,Storage Energy,0.0
Ireland,HydroPumpStorage,3,Storage Energy,0.0
Ireland,HydroPumpStorage,4,Storage Energy,0.0
Ireland,HydroPumpStorage,5,Storage Energy,0.0
Ireland,HydroPumpStorage,6,Storage Energy,219.9340000000002
Ireland,HydroPumpStorage,7,Storage Energy,0.0
Ireland,HydroPumpStorage,8,Storage Energy,0.0
Ireland,Li-Ion_BESS,1,Storage Energy,1360.2
Ireland,Li-Ion_BESS,2,Storage Energy,18.0
Ireland,Li-Ion_BESS,3,Storage Energy,25.869799659855744
Ireland,Li-Ion_BESS,4,Storage Energy,1810.7219014075786
Ireland,Li-Ion_BESS,5,Storage Energy,396.44742492237083
Ireland,Li-Ion_BESS,6,Storage Energy,1652.5638330827742
Ireland,Li-Ion_BESS,7,Storage Energy,3685.92117333164
Ireland,Li-Ion_BESS,8,Storage Energy,659.2723826969141
Italy,HydroPumpStorage,1,Storage Energy,0.0
Italy,HydroPumpStorage,2,Storage Energy,3862.600000000006
Italy,HydroPumpStorage,3,Storage Energy,0.0
Italy,HydroPumpStorage,4,Storage Energy,0.0
Italy,HydroPumpStorage,5,Storage Energy,0.0
Italy,HydroPumpStorage,6,Storage Energy,0.0
Italy,HydroPumpStorage,7,Storage Energy,0.0
Italy,HydroPumpStorage,8,Storage Energy,3862.600000000006
Italy,Li-Ion_BESS,1,Storage Energy,14558.4
Italy,Li-Ion_BESS,2,Storage Energy,7.600000000000364
Italy,Li-Ion_BESS,3,Storage Energy,1604.5389458502214
Italy,Li-Ion_BESS,4,Storage Energy,17722.65115445335
Italy,Li-Ion_BESS,5,Storage Energy,10242.49274747528
Italy,Li-Ion_BESS,6,Storage Energy,0.0
Italy,Li-Ion_BESS,7,Storage Energy,29484.441039105255
Italy,Li-Ion_BESS,8,Storage Energy,13640.81536431707
Lithuania,HydroPumpStorage,1,Storage Energy,4928.000000000007
Lithuania,HydroPumpStorage,2,Storage Energy,0.0
Lithuania,HydroPumpStorage,3,Storage Energy,0.0
Lithuania,HydroPumpStorage,4,Storage Energy,0.0
Lithuania,HydroPumpStorage,5,Storage Energy,0.0
Lithuania,HydroPumpStorage,6,Storage Energy,0.0
Lithuania,HydroPumpStorage,7,Storage Energy,0.0
Lithuania,HydroPumpStorage,8,Storage Energy,4928.000000000007
Lithuania,Li-Ion_BESS,1,Storage Energy,417.7510821088013
Lithuania,Li-Ion_BESS,2,Storage Energy,52.36087813964599
Lithuania,Li-Ion_BESS,3,Storage Energy,260.6
Lithuania,Li-Ion_BESS,4,Storage Energy,417.7510821088013
Lithuania,Li-Ion_BESS,5,Storage Energy,52.36087813964593
Lithuania,Li-Ion_BESS,6,Storage Energy,392.1313571104267
Lithuania,Li-Ion_BESS,7,Storage Energy,646.9313560258602
Lithuania,Li-Ion_BESS,8,Storage Energy,101.46255492955675
Luxemb.,HydroPumpStorage,1,Storage Energy,612.0000000000009
Luxemb.,HydroPumpStorage,2,Storage Energy,0.0
Luxemb.,HydroPumpStorage,3,Storage Energy,0.0
Luxemb.,HydroPumpStorage,4,Storage Energy,0.0
Luxemb.,HydroPumpStorage,5,Storage Energy,0.0
Luxemb.,HydroPumpStorage,6,Storage Energy,0.0
Luxemb.,HydroPumpStorage,7,Storage Energy,0.0
Luxemb.,HydroPumpStorage,8,Storage Energy,612.0000000000009
Luxemb.,Li-Ion_BESS,1,Storage Energy,213.04169597043392
Luxemb.,Li-Ion_BESS,2,Storage Energy,49.1136322426762
Luxemb.,Li-Ion_BESS,3,Storage Energy,55.71225473380741
Luxemb.,Li-Ion_BESS,4,Storage Energy,361.9356945643734
Luxemb.,Li-Ion_BESS,5,Storage Energy,470.7702388382604
Luxemb.,Li-Ion_BESS,6,Storage Energy,373.15324805128114
Luxemb.,Li-Ion_BESS,7,Storage Energy,809.2847873445368
Luxemb.,Li-Ion_BESS,8,Storage Energy,582.8788439148914
